0.22211441145924884	0.020864014218919563	0.018325925145735167	0.01515584686960042	0.0335648590959257	0.057574286771497944	0.09498519519049883	0.15202765650297023	0.27658906741800826	0.10879873732759492
0.10797687127480605	0.11031626891861832	0.026573734202420554	0.06868050546815939	0.04808120462462483	0.12864819357207713	0.004394696273641169	0.034317325422836456	0.03456890678686933	0.43644229345594676
0.18284655447265669	0.021031150814945943	0.12187335042225193	0.05446072903129911	0.009462490106314225	0.24912740392528748	0.0011108666660514105	0.019461411923442903	0.30336333223438583	0.0372627104033644
0.017202437769743492	0.29782328601290825	0.08919352459883662	0.1301861958754023	0.04102087607981611	0.02589349510850425	0.0648232753022796	0.1291636385068951	0.18958323253865916	0.01511003820695521
0.011276596911875353	0.1128104578365096	0.07346281249478094	0.15636234091386225	0.03688385883769246	0.16416238524179433	0.14389157035206276	0.07208921827601698	0.11223716633923246	0.11682359279617288
0.1835648336202656	0.01785736038841039	0.35431283838065747	0.05402353942112046	0.11777479543979569	0.12473374123765549	0.07661847196568916	0.020594709989531612	0.01776460897735628	0.03275510057951771
0.1308741995174479	0.07811811785826504	0.09651503772527388	0.02383604782214868	0.13744418165019848	0.09571429579564295	0.21009865824684398	0.13095356357234256	0.005761382511747612	0.09068451530008886
0.02377987126226086	0.12981341641195362	0.08102024563912608	0.05503376646283074	0.10712487413740075	0.13973499137041953	0.1624425546752549	0.19598958788346887	0.03349176760883611	0.07156892454844857
0.0798061562852114	0.02465601301827268	0.16183835554868442	0.1288770044183019	0.015898896331984214	0.048141670248871116	0.23203337633329602	0.1464713533746244	0.10440874155618605	0.05786843288456766
0.0506019535567545	0.11357896838881855	0.3124949972566433	0.05694489803623286	0.014814583013322405	0.047953214024561736	0.2144267521044305	0.059833733155524885	0.05351743394195721	0.07583346652175403
0.08120843982025787	0.04348253336647263	0.03549777806673138	0.4092358719530427	0.03797211311584764	0.1316972459417242	0.009344646986059163	0.12443325546596776	0.04084042213404222	0.08628769314985445
0.09102728828141965	0.002730853988654955	0.10977776989831015	0.10554315873799285	0.21124864557481837	0.11041578818687817	0.04964015665863147	0.058025058998580445	0.06730035254366115	0.19429092713105278
0.16169263077344104	0.06318278985378037	0.061782941036045376	0.16540702562392653	0.26162475703903426	0.016778721785367365	0.058846527299024495	0.14393474537196926	0.03562313714973599	0.031126724067675193
0.023733527833901064	0.17463202422907823	0.012188315367745867	0.053629264908547636	0.007012368327687146	0.10587454085979807	0.029872773794817592	0.14120598309694923	0.33633100969250396	0.11552019188897124
0.019521018930588788	0.014275783959020377	0.18918800970997324	0.1576339313447966	0.03396504669146712	0.07721291965585456	0.026634235103136714	0.023038115826815586	0.34551918227121636	0.11301175650713072
0.04585370860204403	0.1558281348749338	0.06346905047814114	0.15051259829545488	0.015190502659329766	0.23419586820970817	0.05351402375826522	0.1312736342883816	0.02931289737676196	0.12084958145697944
0.3366795155951928	0.10060771806045443	0.0535599280006384	0.1555773827179756	0.20232005427023564	0.02630053257911269	0.01656169708363417	0.07072655605858	0.026637041861600902	0.011029573772575019
0.06373409380729955	0.07880688227068142	0.016060505533680852	0.03436948835720385	0.03094907734902752	0.026753741581555662	0.12786609946001176	0.018644541137841475	0.6013336164417753	0.0014819540609225523
0.02494602399412381	0.06202046897566561	0.22558301480277315	0.0644156397593748	0.2364231174339279	0.13718951309222166	0.0011835137844685983	0.038716015130242004	0.17848472214304606	0.031037970884156343
0.3562765091616586	0.42448140743757756	0.006600329097672067	0.021493753326033968	0.060568157969955884	0.00889240172691487	0.06397024848154403	0.018034205335975148	0.00606489332988816	0.03361809413277943
0.04912109922230753	0.12476954630689317	0.13851888596873646	0.13443469497772303	0.16570995277451073	0.06458731588541136	0.12622892580988632	0.015766731972386955	0.07694065185436276	0.1039221952277817
0.20079271045912284	0.12922634777997216	0.038359435232059876	0.047892732151822985	0.07660775420970997	0.20753631840157616	0.07248188880687911	0.18480221329103835	0.030077534295903985	0.012223065371914421
0.18896785721085246	0.06834881370125716	8.890448228460329E-4	0.0730976463549825	0.15258712662232393	0.04052286956408227	0.09363936463821901	0.030717130337770265	0.2966851176193685	0.054545029128297715
0.22365239984636887	0.008289202762185366	0.3413343468498557	0.050464857984568436	0.21168750014175663	0.0305565839296707	0.07010627594006269	0.02259826865212511	0.04095497327647016	3.5559061693625493E-4
0.08352069684848604	0.09843723732856638	0.09462339363644924	0.0029953456686465513	0.05770494993197883	0.363514111859252	8.438983026857888E-4	0.23800854598748228	0.052751725289270635	0.00760009514718217
0.16905174859679406	0.14474188938854346	0.12742613355515914	0.005853505142818766	0.091750285906926	0.10856092051498449	0.1256095043847927	0.03610836019932352	0.0907581158917083	0.10013953641894943
0.03975352461997125	0.012232733731788487	0.011335877584443987	0.2851260629653656	0.29423413881963356	0.01870692858255836	0.19699427108221051	0.03982190148860397	0.06380036756575531	0.037994193559669
0.046447020093508345	0.03315443901392963	0.09579443078889648	0.20130372432386903	0.11741211782523495	0.20730823561242842	0.009838166555449293	0.014179124216929323	0.12959677060681452	0.14496597096293995
0.04924611639518081	0.04544532613899742	0.13229660967539225	0.011457813359426819	0.23515171516381084	0.25037841739294614	0.0046172918102285465	0.026083442229583725	0.047710342537033795	0.19761292529739963
0.14662247150826566	0.06489564309584747	0.15222586676893682	0.08277825041999046	0.07747233206040195	0.025187867704670533	0.027131839590672918	0.06218013951801978	0.12865135098427694	0.2328542383489174
0.02121427775178092	0.2557528306859474	0.15243842975383445	0.2454858090044721	0.059682490434203185	0.0479703628104245	0.04614376873607742	0.1443620819410209	0.017300064654099376	0.00964988422813988
0.032114495543359683	0.06882717449420242	0.020677143489378852	0.08417371209228072	0.1874760571567951	0.0826779838499887	0.028599703687574002	0.34144779396409	0.07776471882438987	0.07624121689794072
0.032418652727632155	0.10840048915063055	0.3294296255070906	0.0673515064079814	0.1489891763860031	0.0010091606037615636	0.0037419048764648077	0.20447987517438432	0.06680891523597943	0.037370693930072155
0.014200950080129462	0.3055092376223772	0.33860011037383086	0.06691427605895536	0.08196879757441397	0.03528922383621552	0.024469348212498826	0.0492878747787636	0.023234056733374406	0.060526124729440856
0.07136064945897636	0.12731323839880393	0.09022122347508232	0.11048209644001998	0.037427630336046874	0.08980594910251864	0.06774231611948808	0.21800796947803663	0.17221082939356577	0.015428097797461376
0.02423963455956471	0.2744394668237001	0.17657925509793299	0.014238892271767556	0.09982242523552579	0.025644368620081376	0.13573174068321017	0.12045484321430552	0.0741753533516768	0.05467402014223502
0.06802402028300264	0.03574162329249904	0.3249322208388117	0.010575084028466478	0.07149472454139806	0.015347480307932884	0.3209812122156845	0.05480588410889613	0.09470814949362452	0.003389600889684069
0.10190150112661962	0.05817906756003817	0.12491566058004774	0.2690280616311236	0.05323936938576753	0.10668262500062488	0.04039589453884634	0.17084646237337525	0.0475590694905667	0.02725228831299012
0.0875483012932041	0.08799305214222437	0.1031507472659895	0.044996801114036505	0.05215803393956772	0.07084671046840632	0.05392792279706934	0.18701293462170243	0.09508417374797859	0.21728132260982108
0.2889765154686024	0.02118568575437546	0.2546782196089838	0.13400984867432994	0.05427369877075916	0.05228917563632894	0.003422061030224438	0.13143480088054088	0.041306811090641014	0.01842318308521372
0.10547650281524981	0.01272796099838748	0.12127531594023883	0.1680279786390229	0.19372222260261823	0.005297085016486791	0.1460271478999194	0.1744469543594947	0.06149163705392352	0.011507194674658286
0.25794372829988377	0.09340946386305485	0.025356263244631652	0.11421210410144231	0.007285367738591217	0.22299246074473222	0.015915301111784907	0.05346801183561571	0.13176823193889897	0.07764906712136421
0.09300469348564959	0.05424458604551061	0.03461746256403103	0.1109189457817984	0.1506636836207476	0.04132538374083234	0.10045440005657445	0.18036440206760085	0.17697080143114063	0.05743564120611444
0.08571629721986389	0.07342552363334715	0.08844633633269398	0.19691944741687983	0.17557881076339799	0.031690123659961336	0.04976977198020878	0.06437783144813153	0.22435084880016265	0.009725008745352814
0.17587243701082345	0.08232109051077834	0.029353051918585768	0.018704421326434836	0.15746056857500956	0.020571146217641015	0.299339365096419	0.1554559072711966	7.99407986261505E-4	0.06012260408684979
0.11651257958672907	0.08081954823791644	0.004763640054465515	0.18636080547515194	0.18891367355531408	0.15654796083590256	0.0053623918531622156	0.1959979044915282	0.03178994544313925	0.03293155046669069
0.18176183089369147	0.08676790622163141	0.13340914482673055	3.086077667305287E-5	0.049932996994175805	0.1344073113438083	0.13781809309980708	0.025751865727368747	0.22621136549505988	0.02390862462105353
0.025407460361845366	0.1581989064639574	0.012024182921992477	0.011041824138031786	0.14911415813260226	0.08553442465791784	0.1794867822882874	0.13670093434377714	0.11096016763552591	0.13153115905606244
0.02184511909399707	0.021650267109528956	0.19967918648080457	0.13421806038430698	0.02230418044476877	0.09040050416960951	0.14796980708547056	0.20530246000404556	0.07234366991085424	0.08428674531661381
0.021974706496050003	0.12253310764262403	0.11081734680852302	0.13300152404566956	0.01226351164921577	0.027848368558369196	0.3257749957830161	0.07113031630801106	0.03608348430862997	0.13857263839989134
0.2814823189640503	0.008691534406749427	0.17129083569508807	0.3451840419781043	0.04186093010441784	0.031626830270071724	0.010930612594444652	0.06372437836477343	0.033462136975575776	0.011746380646724147
0.21362229427884655	0.010923944292749885	0.04022044090606898	0.03621111309415555	0.04696564965645124	0.26388934656155477	0.1656675169176027	0.19357944567534568	0.0205323026353518	0.008387945981872688
0.1606205702393247	0.1999475417292908	0.016705183398656884	0.16002749189451085	0.07703071347160512	0.15960774347102172	0.05098448736345835	0.1006356650236507	0.03773286175619568	0.03670774165228509
0.0638425671022742	0.05680071293396995	0.05142436882550946	0.06006546521556947	0.013689249912095316	0.14742098368495962	0.422179314135713	0.09857700847117348	0.05944599439407867	0.026554335324656786
0.2335982157478378	0.001925562205909559	0.021083205772294444	0.34755275452356144	0.07341738779437747	0.06096224932136779	0.0538437313877142	0.07081382440802594	0.1256559386739094	0.011147130165001795
0.12654582048959206	0.09543291722564795	8.69026546874041E-4	0.12427579127694255	0.048062449387672956	0.23176332709879138	0.009999711483440893	0.17894357296990826	0.09834865519286273	0.08575872832826707
0.013302314306952293	0.07767848546466058	0.2073327597415181	0.199845633643885	0.07714639142335	0.007897026112065525	0.012773808815165627	0.07105647295199193	0.33118526633147505	0.001781841208935972
0.053820405569148314	0.23008413829413388	0.1103797185537836	0.012613289960174759	0.010773568026564775	0.040181072837120795	0.06203424355406402	0.11500145519702586	0.1148167001774685	0.25029540783051546
0.07361846004861027	0.23026209715238988	0.0036934409845154753	0.00514219970879555	0.035881384668253094	0.06187051758335715	0.015959349830061545	1.3292397525850597E-4	0.5511638308208081	0.02227579522795041
0.1333180908446379	0.2162817908151349	0.010508566159694976	0.12502101846418737	0.025850934075751203	0.014576211493138438	0.37565821366015867	0.004678539171534074	0.08127837748160185	0.012828257834160542
0.2531864580431919	0.056090282081842274	0.045473059573888315	0.07408045932017225	0.1004521271252785	0.15748444471578757	0.015633689186118238	0.16091413404488	0.11659171769657176	0.02009362821226897
0.10311459398940802	0.1568450096982907	0.08235268922368567	0.018867002103209046	0.12717764167481116	0.028419451272655882	0.07656886830016849	0.368114931272798	0.001627185382068852	0.036912627082904145
0.10864218830595015	0.2718953518478168	0.06586592105614414	0.05982441428859629	0.031769509007193567	0.02036554337027044	0.14849767634379116	0.032879373350905614	0.1566962431921895	0.10356377923714227
0.09095475050385093	0.055314298239901694	0.0016547804543298184	0.2731832696152349	0.10265332575830717	0.11224766838864829	0.08004184561297295	0.21941988192110612	0.015304160053606311	0.04922601945204174
0.14585631620645906	0.08844429941921565	0.14301211330273705	0.002772932358544089	0.17338038648398152	0.013302708232465515	0.0038228032373002346	0.3032185143921962	0.037365319518532836	0.0888246068485677
0.1125942536986381	0.08796739946739147	0.008085074520941746	0.04965513814793269	0.25604827526248564	0.0685814948312314	0.11079375379812983	0.08465166239834909	0.1681979703961941	0.053424977478705886
0.109804853384741	0.27583799505489376	0.06344711474180212	0.015249562169446354	0.20242757470530995	0.05558959813483647	0.002291240939411035	0.00895835528106273	0.07712693619241529	0.18926676939608125
0.03371501968248311	0.11938531784885889	0.08775927213382884	0.05151236583653632	0.0434145816674187	0.0016088557360968841	0.026998451942063656	0.05467666676615783	0.05085221286298644	0.5300772555235693
0.012003148094815688	0.19097622365890704	0.07398475995161084	0.11357066224233614	0.05560642408911908	0.016158916868275433	0.024764541887821886	0.008974497167333326	0.3055068966108102	0.19845392942897033
0.011636910930481525	0.10507602130212274	0.09269035701169145	0.03945083711996416	0.010471820686382152	0.1689439607916583	0.013324590235711281	0.21630409938230827	0.21477173505382144	0.12732966748585872
0.33399969115173084	0.0416429607913196	0.03788395355332827	0.003620658118686726	0.08900959369224168	0.06542933193275188	0.05497247181785459	0.1620761065246353	0.05893400134067779	0.15243123107677303
0.06380241440636078	0.07953530371848855	0.00586930979234998	0.08044713424319427	0.04084765203317496	0.009789323736130923	0.3144792405268042	0.04112394852413491	0.2064122693695416	0.15769340364981976
0.0055040035374931545	9.819640335638757E-4	0.0415098342625897	0.07862392609841695	0.18124840137343512	0.23267848695863008	0.38358539284977083	0.0313630486419131	0.013832792259809615	0.03067214998437766
0.024389855601510163	0.04252398915348358	0.16550518490834337	0.08593218062750653	0.01663899596746783	0.1854851110333509	0.19759079611689467	0.131770516345708	0.002885367097881078	0.14727800314785383
0.04883732690981172	0.04676412484583687	0.10741670465386838	0.086269489207042	0.195785556346471	0.1037653491232999	0.013422067749530461	0.24952113196939496	0.028142657329865442	0.12007559186487919
0.09238853965715207	0.10359446037748751	0.026281729094283057	0.23506770858261167	0.12970307784709195	0.14388591427887512	0.05456554273825642	0.16220016046311722	0.017452150238228104	0.03486071672289687
0.012069810457923713	0.14350287109437423	0.1401242793345971	0.0034323473294029794	0.07939350612740126	0.04672454924908627	0.27341990163180935	0.02912737646366076	0.27172504680809506	4.8031150364931385E-4
0.36472051706443165	0.03757299980135392	0.040093108578127014	0.06309372451632064	0.0673753937186922	0.023733439840437423	0.25738900641533125	0.007825645840641729	0.017052107640357944	0.12114405658430587
0.028752667635844997	0.30331137115839607	0.0768763217059791	0.10420752670849137	0.06707825298605902	0.26399431760157244	0.031087354880323964	0.049887336406755384	0.015877135204736742	0.0589277157118409
0.015998824150616806	0.23885674876554924	0.48676049189917603	0.02417232316181457	0.09643863271938252	0.01647478170157679	0.016336507244086543	0.031642091332478056	0.004888822578854937	0.06843077644646456
0.03253376682428373	3.136851000020424E-4	0.06245312821110962	0.08617402668037369	0.2733343793343747	0.14768071303086194	0.04854514527290833	0.13465401818658704	0.09077596463458143	0.1235351727249175
0.01876880302490004	0.08701204089616765	0.04988603202181404	0.012901584383522291	0.15580910064228906	0.03732785443325595	0.15323351826991166	0.09105958970339802	0.12141508516887967	0.2725863914558616
0.24825529326637502	0.06425095494972685	0.2743343938350919	0.2091873966757004	0.02768926745830992	0.03353499959639322	0.023982172349265127	0.0383039166861235	0.0019819246039665533	0.07847968057904724
0.025409079572203938	0.02062662760309293	0.23344888235064648	0.12618602283514363	0.16980957949316794	0.1535664002495279	0.01367744522292684	0.040035026313302066	0.16495111422643802	0.05228982213355031
0.030907775637219095	0.04661967986515606	0.02839499355285917	0.39949075598370887	0.270040095817326	0.05922331846274072	0.06782656520611419	3.297923235056205E-4	0.07769959932614884	0.019467423825221333
0.21588909538976447	0.06608028211539438	0.03541136581519279	0.1441197987532289	0.02286016083058548	0.06104634776855889	0.005437169372635581	0.22972194808129798	0.1319881354026986	0.08744569647064274
0.09319936695279234	0.09093686425543014	0.019182531842901668	0.005924306234565857	0.14436052663482682	0.0016781746369555761	0.1522713299074139	0.052367263289065415	0.300898872238551	0.1391807640074973
0.15522854839189695	0.1390806112400691	0.07594816815489408	0.024397505079959303	0.14067642039174666	0.002229564468455264	0.13158030105682747	0.035198935914461105	0.2857786716746707	0.00988127362701928
0.09750193163821258	0.019464310155639666	0.11709529793116949	0.119716451302979	0.12091664568740204	0.0025596859420289886	0.19693187442121346	0.07961667947761313	0.2242143823321886	0.02198274111155296
0.028292709809796576	0.09678945520504562	0.20668053152377291	0.059751748601689095	0.2649132064528155	0.012434987519085311	0.11901013129909006	0.05257794237633058	0.11620754936961579	0.04334173784275855
0.0424670009331819	0.05193103920575122	0.0039688922012646455	0.21627338117158196	0.05555169064946103	0.035130317952327295	0.10227882735790374	0.24359819064945004	0.1259636026362851	0.12283705724279315
0.08514359810719785	0.09115223963267724	0.009626850121051758	0.3676950496333854	0.0011271590974717277	0.12297554415144951	0.14773046636415516	0.09054621729798457	0.0494265420960567	0.03457633349857006
0.08776480597184316	0.08032698667777464	0.22638690470287764	0.03590071387951105	0.042368629601291986	0.03988724534916919	0.015007963924964632	0.18310526400602528	0.14130838281700336	0.147943103069539
0.04702871032502082	0.06719561653070405	0.003571862077553903	0.015581725825191864	0.002290137201470463	0.16247634685392068	0.03440304413142581	0.039341118671489005	0.12676962055281127	0.5013418178304122
0.1458095849115524	0.059068170239926825	0.14021187836644255	0.004601268432176134	0.020690960382317755	0.11954739340477397	0.18936844538378128	0.0046867174305767895	0.22696461008116248	0.08905097136728973
0.06368128139870877	0.07183680985360308	0.13283102701882643	0.02736885597333996	0.21249298307963418	0.02513198031679012	0.14486951566847472	0.10647605576436625	0.16023134896383412	0.05508014196242233
0.08013200072285645	0.20044745622991356	0.14613164620209193	0.13481780997605863	0.018927844232153296	0.1985004074052905	0.12305274940846975	0.0028090731643102274	0.05615887434551258	0.03902213831334307
0.0772656909821113	0.24659232718569202	0.014726424385165901	0.09200976685476177	0.0027075142456738643	0.021863136854711085	0.08507306003646356	0.26475814808301595	0.05896627191434065	0.1360376594580639
0.16567594742533948	0.20059120123500185	0.06874903345480855	0.12656495428787165	0.09243367178129197	0.11520428298592998	0.018224133231859008	0.003503359563402683	0.034612321018092904	0.17444109501640181
0.04371154238868611	0.19902041730775505	0.16732099142116105	0.009882713621278086	0.03535562873024775	0.017346478504458876	0.13091242931974945	0.22341726228099806	0.051241119792039845	0.1217914166336258
0.05787151194411151	0.19850128446664714	0.27030467236866434	0.047910544672514696	0.030181079921381013	0.06415241060183374	0.04963547957814913	0.056028392779610546	0.12952241107003767	0.09589221259705015
0.07068849092155602	0.020602902742225204	0.4925288810712114	0.10542370111381277	0.10111839930772305	0.027320549305823408	0.0059329429139032275	9.698973218060375E-4	0.019707211263877228	0.15570702403806153
0.03360468278481617	0.039962753475080715	0.1021396391865278	0.016369252899284287	0.22367507708189382	0.1314324267478229	0.030266117955154645	0.03413880696432724	0.03833987754799857	0.3500713653570939
0.09978756760056362	0.11611082014356466	0.049071916060669976	0.09593321136994845	0.23295421869396127	0.15376622636434878	0.03375786945962146	0.10016874849199535	0.020205636926737464	0.09824378488858891
0.04807243564052581	0.17137961977251706	0.17545386263861434	0.38422546770538824	0.06457137541466484	0.011076051907300016	0.028454034688336127	0.027489938609126463	0.03483085198447568	0.05444636163905147
0.1045821036576176	0.004099083786452448	0.2790231739296249	0.053659006374708704	0.03737658807290199	0.06447123494014931	0.18214149334108148	0.0561692978892708	0.13635713809335603	0.08212087991483673
0.020083249489159474	0.06665363049512943	0.15475642084382668	0.08296510150814904	0.10662115451448706	0.04962171725299131	0.3184286099290197	0.1689755332967992	0.03132373684218276	5.708458282553536E-4
0.012522011183658449	0.07192814956702134	0.06751270834308523	0.2533049750282958	0.11053555442943598	0.040056476232678995	0.11137329611589625	0.21379050365836844	0.05474836409614749	0.06422796134541206
0.03162888937380033	0.05029351275811332	0.09889112781276634	0.05586811332975049	0.07886051448456227	0.359018589328907	0.22270532388575162	0.0606868817557511	0.026542079379883163	0.01550496789071433
0.04059311773017155	0.1504288187729833	0.0659237151715056	0.12627115318869353	0.03178668963933268	0.20946018875998196	0.023376074311017236	0.0034694050189673503	0.14441552859492285	0.20427530881242398
0.011283064019623076	0.07548887153468611	0.0020468509752089997	0.01816194952123705	0.22248441084037884	0.18202629085363992	0.08417790547277568	0.19725760768628153	0.021026722364181544	0.18604632673198723
0.08525797855776124	0.32025316263037246	0.019968201047258438	0.004387427627099122	0.022287049135290712	0.09380668836050646	0.14499508097146435	0.04759080562000073	0.16151885802043994	0.0999347480298065
0.1583784755019746	0.07903521119667947	0.12249498618188052	0.04535355214717768	0.026410109109419933	0.09518303712744512	0.022126734088888197	0.12579071976692788	0.1012629401236414	0.2239642347559651
0.02473611934723692	0.0947113148979575	0.18960968289933633	0.17483946762009	0.017542091870116197	0.16185652540232665	0.08250467168768935	0.07771053171695518	0.03640708839979524	0.14008250615849657
0.24365582036310462	0.14899635142498416	0.04144684284703019	0.0038406532587853953	0.026624451241804153	0.018271321140835586	0.16470902663024561	0.008064151077858933	0.23907011379036852	0.10532126822498263
0.1662963250905808	0.016771002191054915	0.062413312966934725	0.07944818739789289	0.12010800154906907	0.09321514766470557	0.0780900541643867	0.04547701817772376	0.030417706070321612	0.3077632447273298
0.03732419328689754	0.09966305954287666	0.30891111921464154	0.11374326065368079	0.03548014124376908	8.861020875912534E-4	0.04930284493740742	0.25641668146106245	0.05178163191092736	0.0464909656611458
0.13994021954145305	0.022384036130780743	0.3604441715281561	0.07006077126560394	0.013104307545285243	0.16083177602690904	0.030184735376625332	0.07229043155850101	0.11654161806468322	0.014217932962002244
0.1368767218852192	0.11085731710042002	0.0974134788994938	0.021811533075930437	0.016375829450903975	0.2094579186425277	0.2593665037986982	0.09189369076635993	0.023962934302909827	0.031984072077536826
0.09464618418621645	0.11255573775455906	0.1393347562196398	0.07106228833791887	0.10059215541367782	0.06710513008133173	0.22612132709788385	0.10675085620691338	0.011671876335168044	0.07015968836669095
0.1627769446807949	0.1547638139480953	0.11224209513396789	0.10291897326862466	0.03251837970901926	0.011247686457395725	0.023340807271812203	0.13108141516480631	0.18794685958454635	0.08116302478093729
0.18401579474387836	0.06477676879591637	0.07665935797345867	0.31179259240575335	0.024043854076646096	0.038964899942380886	0.11294018588099494	0.08077702652594874	0.07321716108878834	0.03281235856623409
0.04270487558720936	0.22354358632638427	0.04399695078816852	0.05427104711294124	0.16539965844296553	0.23241646806854543	0.054708281445636144	0.021736041441397902	0.0031453006887832285	0.15807779009796838
0.03246337343000412	0.13393212569037252	0.07749281174993798	0.1727614673827203	0.1476554114941326	0.040439290377536775	0.07767763740236024	0.12710895455113133	0.04669420326894998	0.1437747246528542
0.11457281538976137	0.024790505022160736	0.043759368412884254	0.2264503321048315	0.027460916837941732	0.018435944409550223	0.3790812680463797	0.01140065544655057	0.11469414721416067	0.039354047115779146
0.24102068991713238	0.09324521623385507	0.0030311593417425425	0.13185480418660828	0.05255523925829396	0.01586625409344558	0.22980722182996055	0.10690081372311298	0.00798738391011633	0.11773121750573212
0.2721469435229549	0.2957369617932741	0.0012364765124264626	0.03652740917125226	0.008154806644785503	0.06590117014034674	0.08078763539498059	0.11438268651262405	0.07967375382423547	0.045452156483119725
0.028409413170327136	0.08154052325280245	0.03706753922126925	0.07975243467443464	0.10033756106597226	0.17348486054867163	0.146436426607783	0.020234724478121816	0.08999437799600013	0.24274213898461772
0.02608967391686233	0.21878757885232833	0.021721606986913486	0.004134952967005487	0.12836800471086063	0.07350252767749939	0.08358544513799286	0.16908471510975998	0.04268837264322165	0.23203712199755583
0.019658097980145353	0.10833242542457956	0.053179037495623784	0.15088973643402304	0.15792846762634932	0.08640112774654407	0.044625291853097805	0.14503881335654517	0.07630950904473074	0.15763749303836116
0.019743041657015084	0.1303022899504725	0.3213934701562844	0.009630336467156692	0.004099185039527178	0.06946497445195224	0.0016960663281081895	0.05516675111244121	0.2323730990575939	0.15613078577944867
0.28681291528036346	0.004115034953934157	0.1978086548662252	0.12759935363075983	0.023653963078414178	0.1522272496441393	0.030711451834381787	0.022609382411736573	0.12673432691161365	0.02772766738843159
0.037261009288833497	0.08159693288368758	0.15720417972219772	0.04278016401870303	0.1086088995312106	0.1490646481188477	0.09698509831323344	0.08336469703119029	0.04072928379966964	0.2024050872924265
0.00694541554919223	0.1555532226393939	0.08503616127993814	0.02200543220921683	0.1830534848398214	0.041212754171079564	0.2548227105720361	0.05804284385680056	0.0938199536994437	0.09950802118307765
0.30859755811143197	0.016044663250021948	0.020804444396246236	0.013282087159221426	0.006594398178901589	0.23392008302099176	0.11546731736053681	0.05405692241098859	0.19291829938949168	0.03831422672216764
0.2642708116576117	0.012363701437350591	0.023733192075216347	0.0727506633335131	0.07918547856814409	0.07085103031769811	0.2685748687088617	0.0953271594914728	0.09777494101171132	0.015168153398419995
0.2199987435401724	0.050268295157857044	0.056741248186115804	0.10952784946945174	0.10838247708989142	0.163728414160357	0.08600602859930062	0.041074193983524056	0.04511153073853946	0.11916121907479033
0.377172541849179	0.017459273670233935	0.02016595226836447	0.07137198829639708	0.002364555158592685	0.19489499689680492	0.10395406914097521	0.00462284080528047	0.029138412756447005	0.17885536915772482
0.34870122650761587	0.14726249446477968	0.03673825614357838	0.01209610266418533	0.01927275522849252	0.017204207926590775	0.02133198782182777	0.2245556636047531	0.16271210743240436	0.01012519820577193
0.12131218832451662	0.1723944682071697	0.023757093711453875	0.20627416597267037	0.04001740830721255	0.0047204854778806205	0.08007285371083181	0.217276063310215	0.006985890683178522	0.1271893822948708
0.05654028423364047	0.017586402227193612	0.22663808323296009	0.2123483067950569	0.16369695107549562	0.018743674462824142	0.05251583843326771	0.14641914052821614	0.10254149712648408	0.002969821884861168
0.029884604235304382	0.04123779800335748	0.06047869418978926	0.0277524880157011	0.2053558037555989	0.23046199188418898	0.05846263895919886	0.08612073627772904	0.10168024759817262	0.15856499708095942
0.07779122386234136	0.06127188133144912	0.103437906259603	0.16933769760972767	0.0062445352626126355	0.14425283878762743	0.18717407637441033	0.04325865920042702	0.10310837457267087	0.10412280673913055
0.31724730808941054	0.16292124169093475	0.04422033630369334	0.03309392136086613	0.02299095875958744	0.04706204973391125	0.06791460616386735	0.07517241193029005	0.135788151066548	0.0935890149008908
0.0033159338302033853	0.02365307223130385	0.3105687221671095	0.06444610750831067	0.002967520299117371	0.1171131790584877	0.12308735905979958	0.06014373198594824	0.17675068471152494	0.11795368914819476
0.2790356978488543	0.10275819811965599	0.059954139946151105	0.10435860467317376	0.10864641606462457	0.005805834925444245	0.08813612463496462	0.006042305807708925	0.1324979317122097	0.11276474626721261
0.24117593003162985	0.02625844752656259	0.15699181055620282	0.0378614980532909	0.03364100220518455	0.06783406310394008	0.27093324846570777	0.04374102096145827	0.07897997514879046	0.04258300394723257
0.05140186772556373	0.04053203593000133	0.16950245347315843	0.050798023658089365	0.08249784469353957	0.18005273951151646	0.17994426421856477	0.1532631381082027	0.0903690609880695	0.0016385716932941635
0.007021207192994552	0.13372347425976927	0.0015571542110820874	0.11754825007209466	0.09587493282450422	0.09961590609427115	0.05182436082979308	0.306890097007177	0.01825509334342533	0.16768952416488864
0.04667287484771245	0.03610970101905667	0.03674796465720538	0.03460247261721679	0.11674831804833852	0.15967038765555575	0.03178668975046069	0.3673294596395022	0.024466173836989444	0.1458659579279621
0.11223238256675605	0.04753861165575632	0.019066464277977632	0.0525382244421846	0.19703860398512202	0.11189072385846316	0.13619072645151514	0.11482985339848854	0.015926275737513956	0.19274813362622253
0.11168705010502376	0.037149647994791354	0.06584441842080163	0.16474042720522253	0.04662668887985417	0.14929457499705973	0.2139490234120055	0.17658833054892953	0.0024079320134623855	0.03171190642284935
0.2210744187659283	0.0010862054689989992	0.03000647795811505	0.013528505163670365	0.11852801741837912	0.028028844479105877	0.04690424489788226	0.09131619341686009	0.24420678518073707	0.20532030725032263
0.057018884872140935	0.07116741454635943	0.024149119632352722	0.29016009872411885	0.049222551816351434	0.007458395574632529	0.1531119774399748	0.03358656871965433	0.1471745549331262	0.16695043374128876
0.1345725588880002	0.036156473454013155	0.19183857901576082	0.13663652907699686	0.08906488422819381	0.21035373421690898	0.0079406024456454	0.03051944826342977	0.07177409806515	0.0911430923459009
0.12517473980491667	0.045360020034233374	0.0034846566818334673	0.059836476961183986	0.005364184414435438	0.1009690703913439	0.018779100739353002	0.4799997568783324	0.11507042477808259	0.04596156931628509
0.06259539335318343	0.01185049661962849	0.093298260265142	0.10063585122558852	0.011625090017164899	0.041902684258298566	0.4041363048819545	0.04276457262972136	0.16798534687727018	0.06320599987204799
0.03610420419836825	0.14573815225594744	0.24023580503210107	0.10561652113412406	0.047200513734408096	4.76746204335729E-4	0.001525631811319525	0.18214334375665964	0.02804918347643219	0.21290989839630403
0.2443246640766426	0.2234139792324774	0.17990973959307732	0.054069938528269815	0.0335320043799614	0.1407570642370879	0.08273675366221556	0.029334704882306495	2.8170361723564574E-4	0.011639447790725621
0.09663955984078484	0.02885507824529955	0.16507318638186133	0.028066378856352436	0.025925976171004686	0.0464349212882923	0.057573683903173745	0.059551529260860554	0.06094569724734303	0.4309339888050274
0.12464393005289197	0.1333528499121658	7.232546059723205E-4	0.07881628013815178	0.37245586761513894	0.0025322619183363454	0.0695664009861813	0.048761204841212887	0.004499498983285957	0.16464845094666258
0.12344172765705627	0.05932747604501143	0.03194063747882038	0.060414270599295106	0.26180369586956886	0.06008187397226476	0.06992764956798503	0.08638637080832792	0.06081709067664558	0.18585920732502453
0.12930408358546375	0.03654113231766025	0.192240348066684	0.2257289271670993	0.029528623127942258	0.2806327697104086	0.04112872080910824	0.03592036760279378	0.011225721188136709	0.017749306424702987
0.24171803891278504	0.018033291793034603	0.16696995879377852	0.1344422060007606	0.039431477565141246	0.04277232133977278	0.30672463521598886	0.018709739513555465	0.004579521138279488	0.026618809726903253
0.006596980881289932	0.0737469123060013	0.05411959953058431	0.036394335106942274	0.25661855227897085	0.009388379523576518	0.09161336171012148	0.15592055784979392	0.22194606044341247	0.09365526036930692
0.12764445367935456	0.01269412702454753	0.11254230365824143	0.0656985509972643	0.06278547493740988	0.023985663649678565	0.24588878269149494	0.20851621102154072	0.022163039679463495	0.11808139266100454
0.01308382195032809	0.08730776435489056	0.1671362899707462	0.023547515197256425	0.014772159486814943	0.14421787246605078	0.10705939645104731	0.27892171833849344	0.1523048239141927	0.011648637870179585
0.010834512252972064	0.06582448813630766	0.07840449311413687	0.004318641420236136	0.25993027116953177	0.06971595356266494	0.049481853849618666	0.16149317707460342	0.24693056143093095	0.053066047988997576
0.39407749752909776	0.04859133544899631	0.017754600285105324	0.20382053672347117	0.006401493736239841	0.05223973371940335	0.07466556314252396	0.12696941958059804	0.04126574999139847	0.034214069843165384
0.0714513955654611	0.057157389637478996	0.08182617272471063	0.04365112777734485	0.04517954066618077	0.08135036507352453	0.22707493405444384	0.11919324556714363	0.10430704275641269	0.16880878617729891
0.022658261317825765	0.24840343252876657	0.00850613968617868	0.08182816700257384	0.03867892714377794	0.17594417058738676	0.05007342134923016	0.3019671934607261	0.026213782443448283	0.04572650448008592
0.03648188601679413	0.05632662536684322	0.06521001735985493	0.2540620487787465	0.024690467632377824	0.021725863261442532	0.22976417843485025	0.11087396771515018	0.10980483193376037	0.09106011350017998
0.008800168598948624	0.10234804304035008	0.1719963086684574	0.16484627475886743	0.21272681129359783	0.06759383135789215	0.04876926369661634	0.1898217608274685	0.009070215806226398	0.024027321951575295
0.1281273849667916	0.07220476955838478	0.012731869254297354	0.1535662777503619	0.07758686053344138	0.029308820188263404	0.2076125298216685	0.13938683636926047	0.10875167812958147	0.07072297342794905
0.16141905683033028	0.3343175447854848	0.03706347046405997	0.010097085279967263	0.07513873865145129	0.06103227347384567	0.013830634969836261	0.015719383301813314	0.13119952573111932	0.16018228651209176
0.023280724375087866	0.13206563973698274	0.03720911618336495	0.010261622538339135	0.04987196453165281	0.1137068418355299	0.028720156472416547	0.24506024442954794	0.32274643898459293	0.037077250912485246
0.17922723036307725	0.07133303025815298	0.1671359154481367	0.06380990141988047	0.08407542868748215	0.27754061329792606	0.004785649243630688	0.07143184709482761	0.0544403218341486	0.026220062352737383
0.10244704679918905	0.2551494809082625	0.009580220470175205	0.10500546707656588	0.04583860372008034	0.02203310100200981	0.02452918203866153	0.21372705707353365	0.17246404021572204	0.04922580069579995
0.08466596779386444	0.03335502524393305	0.08514159375577691	0.06557159119256778	0.2570996369192436	0.30185189535784823	0.03726350031060868	0.05961308222077103	0.013000578682380554	0.062437128523005675
0.0877190564474968	0.010739694604504246	0.11859846160940225	0.08547168130004956	0.11751390738584659	0.12294588787810534	0.02411621839802608	0.0062814488756623155	0.3857051997610762	0.040908443739830574
0.018698088317349218	4.8703720800941097E-4	0.056731846729768436	0.10096051311177016	0.06312294364013189	0.24563970813275038	0.08687617585258718	0.04804421688681282	0.2218550034494607	0.15758446667135986
0.3789565560988786	0.033400855248189615	0.024600186560803122	0.13525771703690315	0.06800200610591209	0.0038492597450749677	0.07862455994633963	0.01108188078872871	0.0598613620851635	0.2063656163840062
0.13997109009265574	0.05356076458773622	0.12041661073956011	0.22569504924325073	0.14502291508252693	0.06573011126897087	0.1125541005568899	0.01995184748794651	0.07417195359664783	0.042925557343815035
0.07365062017314013	0.04797936999490675	0.15359291002716824	0.26987035844518	0.1145568173576275	0.019758287895309604	0.07869404455084146	0.09254067046276074	0.1444836435462094	0.0048732775468561945
0.3271489759979648	0.06235425804288264	0.0017796031978735416	0.1544788003835259	0.05173717504333468	0.09084817503134233	0.17691569588248393	0.011751334324795804	0.08726017748261936	0.035725804613176745
0.010560318129443177	0.15604678805180777	0.11421909540694386	0.12907975781247705	0.09768679057906335	0.060133645003086295	0.18274489321746118	0.09342887938250088	0.09060183788694547	0.065497994530271
0.017709156610518167	0.07158289447265344	0.09998609405011963	0.4213612922603835	0.058364293639814394	0.07512970700404403	0.1738615726083254	0.011444272820390969	0.05337700476245443	0.017183711771296017
0.15096784427341065	0.03192749842258982	0.02697250863747397	0.3519156799221985	0.15231958738674936	0.0019503725819152162	0.025472390393669136	0.12691103774983237	0.11433115653629809	0.01723192409586269
0.01475033822456738	0.02811228460956025	0.2474098570859174	0.04068578214044486	0.24858804219115238	0.08946690596677787	0.09473698023210786	0.0022882887585058964	0.2324385815414412	0.0015229392495249572
0.13998082359387926	0.08846356475124165	0.021347613445215324	0.05449663198849404	0.1107548775703152	0.11302418014564633	0.22767899338756742	0.002285903985584939	0.10575827019119645	0.13620914094085929
0.27444145205024645	0.18379963478029526	0.027191239911590892	0.20054239627823767	0.02443546216609678	0.011566388874171926	0.14150177071130174	0.05716362832517315	0.05445363391621906	0.024904392986666843
0.0738190654593679	0.2103177492292495	0.15476936358110205	0.2636028417182178	0.09548564705814123	0.009114460485132161	0.12550810185471847	0.018045775368618622	0.029220576315333133	0.020116418930119187
0.029856363485237944	0.06420059130252784	0.14427379327218615	0.056579993035349725	0.14994898485526797	0.26148095684508205	0.04042283598891526	0.08555352880865273	0.1152282532910315	0.052454699115748876
0.1164385615248445	0.021551961201588324	0.13024662207730514	0.15192621836162468	0.26650772853745547	0.11648387501658432	0.027877374333918084	0.08659987177987527	0.009756141345628966	0.07261164582117519
0.035432853066245315	0.1327863548050572	0.07507525174611121	0.018681218467214655	0.12157434121481583	0.018518624439022455	0.08863442269017961	0.2547907550280629	0.02337566011202169	0.23113051843126908
0.12280195814542914	0.007345415914882844	0.1067023467038045	0.003228553366190781	0.21955848881519652	0.21877042023314464	0.07367444993771909	0.19508274693613875	0.037452594077178825	0.015383025870314829
0.06381159639977951	0.05238356546569472	0.11897498358012581	0.12453218802630095	0.08289881248356462	7.897703648092336E-5	0.015551017891788296	0.49357613073788237	0.0031400212851780823	0.04505270709320468
0.02158311837831478	0.1832604996244237	0.0479286990832437	0.2523651517894622	0.031155976521867523	0.18983867324134723	0.04425935222187805	0.12866593675567436	0.08854605408694532	0.012396538296843104
0.011729623288947472	0.05191813670659913	0.25115032083461547	0.1489936139278996	0.1453900512524165	0.0883277441619505	0.11307742347652508	0.042918410262882976	0.03941128331957008	0.1070833927685933
0.4160080689867879	0.17713673273168035	0.03782910015301734	0.010139986692011424	0.09729216392656799	0.014803469399000471	0.19039883854616746	0.009611192783861897	0.0240651296625322	0.02271531711837267
0.20424808355995547	0.035611353898244116	0.031079194796342746	0.11204242727701876	0.07075565718222829	0.07733456510335772	0.2015084326748699	0.11573117191338753	0.12302700665532418	0.028662106939271154
0.012484761601144714	0.05873451234186135	0.062416509388662306	0.03998841895780418	0.10504860312246753	0.015012441369113186	0.12630084103636452	0.0170927029969455	0.16452116011198092	0.39840004907365584
0.1771917141599602	0.0605706703802667	0.0015131528384111498	0.009518895260016924	0.009195073779631274	0.42584191464799676	0.15459038258148447	0.10510867636466548	0.055052932232040934	0.0014165877555260137
0.08173031565686444	0.036009136317856155	0.10945563067139286	0.01861452244662684	0.010284280343089064	0.046017217660036844	0.00482278014280095	0.18233458804373737	0.43775080586611026	0.07298072285148514
0.00732865694530771	0.02268363605347329	0.08766143165152865	0.5200133534836033	0.02457331712637796	0.04321194524046103	0.06485592140559943	0.08583242201300831	0.011210800527806833	0.1326285155528334
0.0320125459621565	0.09835443964740012	0.2232123315215485	0.1267182687688744	0.028012892226902633	0.3539468618629384	0.0168328018113523	0.02518574682114587	0.04453504426113725	0.05118906711654396
0.16228992863360386	0.16225900220507078	1.2776072246242776E-4	0.03700849359019809	0.13923600446621276	0.14886247957917753	0.05126016712821144	0.1739724641919227	0.06289062123958986	0.06209307824355046
0.024854103007243333	0.09335451175860066	0.003649630702686979	0.0032558394830068116	0.16368165843894725	0.0049207839622084915	0.07707609435667101	0.16641474915272172	0.11208408764881522	0.3507085414890986
0.01747620248400497	0.2659113773221023	0.037659981826710175	0.3832275206681762	0.017411706341975614	0.08580095191570312	0.019252589908876072	0.11575792546088667	0.00654314299004094	0.050958601081524
0.09584941077920486	0.0015240172531983953	0.024277605469141914	0.1727212593656335	0.24184378983190852	0.023966699257434	0.02840764963147137	0.0416747916407889	0.11821293312550533	0.25152184364571306
0.03517496822090162	0.013522339287585353	0.40324445840419987	0.16629401311298547	0.030717266650513733	0.03430819199998486	0.03883105601055279	0.10213979436722788	0.008013295218419217	0.16775461672762929
0.0490302576655063	0.048947510190244174	0.10871285656102625	0.004747229459381622	0.350817772513608	0.010035884666695402	0.042690901843430516	0.13801778470913229	0.22800801424835165	0.01899178814262374
0.26870908948399624	0.03460998431320132	0.1516942242014149	0.03777472709378476	0.05687722411951696	0.13945627518920486	0.13872116425618378	0.12683094246877105	0.03656769910423584	0.008758669769690072
0.14349596315307783	0.0037519717219810372	0.23424480171418516	0.08177949661810865	0.03884493254091639	0.29926892824404694	0.039203116705828954	0.025346136258764085	0.05268991142719626	0.08137474161589459
0.06503432957573556	0.1326376835669927	0.056537770684983286	0.018640928024032943	0.04768262890164248	0.03112119651001463	0.327987890856468	0.13727556946366748	0.06024153842012724	0.12284046399633564
0.05670583130955266	8.109942803867648E-4	0.04026681781410167	0.2611603053494807	0.10338533375257669	0.2356344869885174	0.05374736277656844	0.04691562759992582	0.035233351555347514	0.1661398885735423
0.019632388614535354	0.043902875925955806	0.11986858702947072	0.09522548773265246	0.005835146514275177	0.06475465539976233	0.06109617761802221	0.2426754063206551	0.23662009699635933	0.11038917784831155
0.1967138829752088	0.15049320547602613	0.03618377729136438	0.11087495888391777	0.2688404500514076	0.025970636842433337	0.016872887576695902	0.11506141678637287	0.06092961078320438	0.018059173333368664
0.01681879672418432	0.20247746373419678	0.01963143048722693	0.012716033362368734	0.3281238839166754	0.039059661961430764	0.242824415373606	8.864873230144954E-4	0.06973311229811278	0.06772871481918388
0.018691290948038633	0.2715467403111638	0.25230062239477835	0.049570187524605805	0.15371879152073462	0.035441092480150746	0.15014133457826434	0.01821611247235161	0.0441867871581657	0.006187040611746367
0.03825635041047963	0.23126954181245163	0.04179390280105272	0.18787075878524567	0.005211101049466191	0.008828984482261396	0.02910980315164302	0.11785021461537333	0.040403860015839094	0.2994054828761873
0.27103362602500625	0.030093841419227982	0.09888121784091193	0.0289247698298227	0.05459652220326289	0.15296452520577114	0.1151830008723452	0.013644255429386201	0.19828745702587638	0.03639078414838906
0.07220689763909807	0.039482911698747396	0.01885618910672883	0.18494808436992344	0.11100756867708621	0.059943548468813564	0.08341952428491398	0.08272035004004398	0.31106281950241343	0.036352106212231144
0.06344581761348143	0.1433462155885586	0.033957222159138434	0.05614905701993861	0.2976241774417809	0.0311899631710726	0.04631752556895749	0.20971697618538868	0.042763401643204677	0.07548964360847858
0.15567555336391864	0.028529570186958772	0.019897470865099312	0.13442295661609682	0.03111308924751051	0.029813524314753523	0.24116898733333786	0.08574088517200915	0.2472627980665103	0.02637516483380503
0.22121210781150813	0.024407702226653658	0.0577434908945033	0.04314985656241074	0.01596249566502829	0.001827902907116652	0.0038453268004370322	0.29273155310473353	0.2259778805729899	0.11314168345461861
0.15937824691800445	0.04062788462396903	0.09273578315347084	0.058268623274718385	0.09112142856953818	0.13753225973949035	0.020479137747991635	0.014800996869238386	0.26222470864110187	0.12283093046247673
0.20128834553065383	0.23514061751933113	0.012141077500149658	0.0188290109859649	0.2092737368457654	0.1390884789720273	0.06505997383944939	0.054052763183532714	0.050132555635236255	0.014993439987889254
0.0643514417797343	0.18798637501658585	0.16527090947110828	0.051377419754734206	0.06975782930695609	0.2330724329443104	0.14524329780672476	0.007021130562745989	0.06130982078888751	0.014609342568212558
0.008006242250718859	0.09715481904579248	0.033436908519437564	0.09378313517166505	0.11037242072010434	0.11183687144459296	0.33600839572253977	0.02328364815859099	0.012517012526802693	0.1736005464397553
0.02993246095195541	0.320061752660155	0.006377136294513919	0.1676585236585073	0.08250666606253751	0.04453757485837117	0.0015713426979165196	0.1723038730188628	0.10895850184899683	0.06609216794818353
0.2321210328963792	0.12358316068285724	0.08178884855429348	0.05481658761104939	0.09988633690131572	0.0035263448592217084	0.10150076330081965	0.1805778730823156	0.1070084485061408	0.015190603605606992
0.06006612827726377	0.02911606179720662	0.07309462210397835	0.22959064368353121	0.154833207609322	0.12259670576526088	0.12238089414630939	0.16375137540329138	0.02984997121334726	0.01472039000048915
0.22633007484624768	0.027187042866209224	0.09633286874013591	0.08900693481162032	0.12852593940351592	2.2941181257711551E-4	0.0725097123805038	0.0588319015801913	0.19417439453552804	0.10687171902347048
0.120568280393564	0.16763789962574951	0.04608061578385389	0.11543138222398452	0.07109987751037042	0.0030130363557206857	0.040295455658839595	0.23947227868884374	0.11510579830511163	0.08129537545396195
0.08452786489846714	0.18603279554407504	0.08251146632037089	0.03833097790653357	0.1466360101404233	0.23025443569722354	0.08528502887297522	0.03583421660485503	0.09965875186311868	0.010928452151957632
0.046950300622393554	0.10834224329232459	0.2162952274977133	0.03193125855319809	0.04285988787200777	0.30512228000960023	0.10155808410329496	0.06839349327965422	0.006034727845508736	0.07251249692430459
0.2744424745004221	0.10065381744928167	0.01791815479161049	0.07881948314127223	0.0027819473202310846	0.07579725924674466	0.09961646467126782	0.0538957446359458	0.21492806264804487	0.0811465915951791
0.02518010886682344	0.1607905861341923	0.16413807880135578	0.06326839607814981	0.0880976047602113	0.21100470161253093	0.11172027818886819	0.022500014757172976	0.1130643207295749	0.04023591007112039
0.06841680609425571	0.02442099908406907	0.009478683923340489	0.06407613606433936	0.1562091541871825	0.021661033004580096	0.24041411886723196	0.05550479086259427	0.07964067565141855	0.28017760226098787
0.10199364597209765	0.2698874326223815	0.19595823889916628	0.06831111964433124	0.0364372712536747	0.12007960364420553	0.0033333218040158957	0.05389172637944431	0.05605944455414273	0.09404819522654004
0.008523720518589198	0.14103342577779446	0.14831383513048813	0.09097418532309187	0.06217278994296634	0.1379929825287125	0.007873519339125973	0.19907055814783187	0.1113545972906969	0.09269038600070281
0.04038666057342664	0.17733149223763894	0.002138310028226051	0.026473574379204487	0.09813762681589047	0.18815161415773302	0.01551662102360711	0.035568245040517546	0.1193680454348926	0.2969278103088631
0.17534333466283852	0.1931401341800248	0.03680232714184918	0.025314435135835853	0.2811256329927434	9.500096372639516E-4	0.10229194058460618	0.12079016995643263	0.032223713337111395	0.032018302371293994
0.014819603846342955	0.12642190652441163	0.09323538404570014	0.053252178734404125	0.04896484046752094	0.04945998874204904	0.04273644772290547	0.09651890864734466	0.32848238677390623	0.14610835449541487
9.85054488002457E-5	0.12098213254627703	0.20000542975603147	0.051413761007166894	0.05482136627643635	0.12719317160782584	0.030502588177942963	0.22827730067434293	0.08059842032619584	0.10610732417898046
0.005118769444102375	0.12594231691536298	0.07858266104395312	0.2262466792781328	0.07958740154909905	0.01042781413064156	0.1462622552766824	0.10865549146220319	0.034433094663920694	0.18474351623590196
0.23070542611743639	0.10217200755615027	0.10144744699816942	0.006974159465288218	0.22136619932375007	0.08281687905995858	0.007705549071152923	0.06094959523846974	0.03046649989607489	0.1553962372735493
0.25724220867696485	0.012478320923722586	0.0841563572178726	0.08366083117376555	0.11600124432154482	0.006218934808634724	0.1579137062633525	0.01925255215030336	0.06563979977259957	0.19743604469123927
0.14413591975768109	0.22856405357167725	0.022962609273086562	0.12089309790815894	0.008768333437965237	0.1436660748996818	0.12172093513172517	0.15270830030695842	0.0046520308900699775	0.051928644822995425
0.13135795545155157	0.12012404945706566	0.0716664410271866	0.22005536994896463	0.07532386002441462	0.058045233367016585	0.02180502911437708	0.055735031801435714	0.031337761961515345	0.21454926784647213
0.02225888080521457	0.20841316695131573	0.1319022958124429	0.0022852595455927355	0.03307863366781412	0.2118467111444286	0.10825226578770111	0.09656176296759908	0.07845013134808485	0.10695089196980624
0.09917626936381611	0.029195342055664028	0.023234507917821	0.035070989821668355	0.3483346321339484	0.22864510654213988	0.07802182767610374	0.036501157873723794	0.05825814747465592	0.06356201914045871
0.15855880623636426	0.19162656262754454	0.008560174168392998	0.06412722970543547	0.10843756742883393	0.13766967397917762	0.09565969596853927	0.06626070736822705	0.09401151190908416	0.07508807060840061
0.04342873845729732	0.2237297876023192	0.14769870822438158	0.0985888984486867	0.05473664711355564	0.03376492471867945	0.10444564083617645	0.14727203476357148	0.019206343140023438	0.12712827669530874
0.11214995546906051	0.0488127105672715	0.11915920417538539	0.06462758787121563	0.0030340279130919995	0.057237486316548236	0.042418855511081405	0.03030838548587568	0.047075141365955434	0.47517664532451415
0.04093342880611109	0.2794909535611554	0.025918580608725705	0.03528712566919355	0.08030302221545547	0.02026964460423042	0.08641987939029404	0.216686849024954	0.050235570636138406	0.16445494548374195
0.020021325305564233	0.028768594893673186	0.23317486877523091	0.029403518344645024	0.10308111379022535	0.12900374539038176	0.00455052048556126	0.016416455840831748	0.3238743936377671	0.11170546353611949
0.09552202389799185	0.159134169603501	0.05465519455430374	0.234640963079357	0.03564501189689076	0.08263126096862174	0.07439168838916263	0.12394515040000788	0.04983082941046658	0.08960370779969683
0.02310326142962911	0.059693687771232885	0.04635587841780606	0.041469972129147006	0.12357730515966629	0.006914786530851452	0.2935767943851043	0.08905124318423029	0.048742005873669086	0.2675150651186636
0.051434882824814565	0.01665101879635801	0.29869246232237523	0.0636443514194838	0.21010953207204833	0.09522074291929336	0.0509147312695074	0.03333999900042073	0.01901969029388574	0.16097258908181286
0.11987344730895722	0.09737538433700857	0.13117937766527873	0.1660078877725436	0.05854075944767871	0.02970494654813731	0.018108604429728017	0.3643819041095746	0.011060294324263475	0.0037673940568296316
0.004786961180376206	0.04259877201341807	0.15025099496132	0.021887385462907097	0.0956978583482897	0.20542260937549983	0.010739725256373275	0.026648408048795882	0.23396602834118047	0.2080012570118396
0.08922392818309482	0.13121848384561827	0.011592598143063237	0.03789647907200218	0.14928194386707452	0.159985939430672	0.23177545275030587	0.015706716272776783	0.08129847162205205	0.09201998681334023
0.05448406675841624	0.05458966486303469	0.024995765180200177	0.04840997498887243	0.07663457413301972	0.2449078047537402	0.3765656871864646	0.007718684005771206	0.06220384881295084	0.04948992931753003
0.10717409990054563	0.26709935429583154	0.018964855314483095	0.1571677999903916	0.011421867991112139	0.1247315953913178	0.0076563807610355444	0.13841961542487458	0.0772815715261378	0.09008285940427024
0.06251362316633036	0.014313156796688722	0.029898651289161124	0.12662608515056417	0.10456044668839887	0.09774211435397437	0.033626541093600346	0.23040327043651782	0.0657169035788719	0.2345992074458923
0.00888615957682086	0.2975333321011282	0.20489621105402894	0.11210245912920337	0.0410340788462181	0.10120231295241683	0.016022211921099067	0.020522878063646763	0.07545074011314225	0.12234961624229562
0.04461098448637918	0.026723457770515727	0.08652094209591724	0.1350529961324166	0.1399936604289073	0.11948362380235993	0.09609337954709067	0.07710745775237936	0.06384712331971167	0.21056637466432238
0.1478067317332878	0.0544717094660965	0.18922834377828723	0.10792037709087934	0.19893495322725482	0.028615462896827648	0.012627394290915722	0.06835869036411385	0.09613907627482438	0.09589726087751266
0.06743791996612736	0.024276125855513378	0.0058414387925145445	0.1851859173478747	0.07220737981706224	0.33920196458701574	0.050174938323140586	0.055372627116306694	0.07555275125134994	0.12474893694309475
0.29821245214406034	0.08534359116839517	0.015390697464644457	0.035341166778911956	0.13546883362513085	0.15293976636906778	0.04916239411305662	0.041476888998274036	0.18527211035375785	0.0013920989847006487
0.11577092731942636	0.03704189492237081	0.16117053059695846	0.0452351956537418	0.13967628495402237	0.37662685614253544	0.012143809863253224	0.0066021678350658974	0.08803605705509097	0.01769627565753447
0.08625408742358899	0.1108286476405721	0.0805301860448217	0.03179727225972681	0.23653358905405392	0.1530892330979102	0.02738338706347647	0.10055835965507934	0.041957405430734104	0.13106783233003633
0.026539538988004485	0.2084568413895636	0.05344732921133641	0.18420067104182541	0.15713309051126828	0.04110936694522706	0.08113301534045834	0.16085458195139032	0.0010885647975859003	0.08603699982334025
0.006672165960713475	0.09186770291815193	0.17065836287224173	0.056053863199600276	0.3020671248725156	0.001074374598853331	0.0011977511531498924	0.09816113967992	0.11692981050221975	0.15531770424263408
0.34932270337049864	0.06223696166931651	0.15064637666294017	0.17650464613101643	0.05514154282649647	0.011531717584603515	0.03184775444102994	0.022476711865559204	0.03594520805676628	0.1043463773917725
0.16544181079996054	0.07233972599338269	0.13528297267423056	0.15190372835538346	0.007095760749147792	0.10443876302909061	0.1497463374412576	0.046738939441450356	0.008208253945213961	0.15880370757088225
0.058635684768122004	0.2717220677947826	0.02854871572331616	0.172208109812815	0.04154657811837605	0.043441942844973706	0.07185258895803294	0.054170112137449156	0.18991841135685544	0.06795578848527695
0.10089955401630524	0.05980594175584126	0.42133716467547394	0.02099775716578048	0.0050747621269932736	0.2044399697446799	0.14526620278897748	0.01854761652045739	0.014631337804701466	0.00899969340078946
0.006501120329266752	0.2632221057492139	0.04074163352596771	0.04442724501434216	0.12406891695299667	0.02571589760566516	0.08215860834220749	0.07240503614688523	0.276782977119055	0.06397645921440001
0.015268983668236633	0.021346954235322776	0.024356325060905556	0.1694224257409303	0.3477930666077746	0.04752416213416219	0.1924647400412312	0.04025379561809516	0.0988722518867018	0.04269729500663977
0.04534325048777345	0.2677114719564197	0.04482639580950632	0.06023231615215101	0.06660317334922533	0.11878893699683295	0.24757825734222572	0.0487760721365263	0.0019509588190338295	0.09818916695030541
0.055965783175226	0.011963537298508367	0.1052373638308702	0.2778715649216684	0.24540598918771445	0.03466519575164871	0.03148788518140519	0.05736511594162328	0.08215000237981857	0.09788756233151677
0.13472596687012975	0.11904880568375195	0.027194521993552392	0.08380652286400302	0.22711172845960031	0.10609633165168218	0.08572691999078264	0.12167664623266969	0.05653511743303808	0.03807743882078993
0.014449492992674381	0.008698274583117685	0.21783752846941226	0.07705337187669697	0.1704949335232417	0.062207134534617396	0.06881302662611047	0.07003557496805937	0.2576107764188145	0.0527998860072553
0.046194734678109056	0.0255454268343053	0.2930385939695521	0.0647794520227985	0.11189312822064648	0.05861659892068014	0.0973611760183511	0.04175633662860206	0.22403133920947893	0.036783213497476305
0.30807804644507264	0.16349507637570643	0.04988980660798822	0.03958706844332244	0.14012422102817623	0.014764435008284768	0.02836536647691311	0.06813897246556545	0.07636306282096364	0.11119394432800676
