0.04285734770671841	0.2310172002783204	0.03237400773842826	0.12685209943654674	0.05441387339972088	0.09292149908865517	0.0693518327732444	0.3502121395783655
0.06103166565022601	0.2960511760071681	0.16515605087735685	0.055954564559622	0.2719070467475695	0.027805499022504038	0.08556830892538489	0.03652568821016847
0.07118653991156507	3.873868088022231E-4	0.18755340244737143	0.4674286494672739	0.08505490912059617	0.052540885269542134	0.11996435189401647	0.015883875080832457
0.10125005727768475	0.203870086406286	0.08139960118585113	0.22588350731693455	0.02923428999663706	0.07779891099081526	0.11009249066394014	0.17047105616185088
0.08479808991924123	0.027995739537604022	0.09336817816487661	0.2647424310706828	0.11533576074788264	0.3296645611034157	0.026847552951258263	0.05724768650503856
0.12501618848749796	0.062011629635002966	0.16562194638131905	0.019559125730965757	0.20204440715674174	0.09980074980220982	0.0698948527945327	0.2560511000117298
0.14449865458110192	0.07240381678754622	0.061872454705012486	0.07275183358954522	0.2256949556152548	0.1625518642050639	0.07678529757607772	0.18344112294039752
0.32586275753865257	0.0743499232617141	0.05103812204805193	0.13222813594663313	0.17156043278003305	0.10615908292776492	0.03980628048598575	0.09899526501116426
0.2150155453769371	0.10383622306421786	0.176114398860664	0.0448476779655516	0.10550150539973899	0.04611650254651044	0.041868328664120574	0.2666998181222592
0.16270940717380314	0.1616389705099064	0.1189111151439927	0.009489838199449374	0.07452570388145577	0.13536597834334496	0.09189327880409753	0.2454657079439499
0.07258616882340985	0.5347568411213103	0.0026993160575148195	0.164190714801837	0.042206671965820314	0.06159889873149957	0.030765390550876986	0.091195997947731
0.10022485248448824	0.06331684822420103	0.06653985172100288	0.10642118705161054	0.40194660332044296	0.1492247412510394	0.03804291786283459	0.07428299808438009
0.06337410840215552	0.1423138420857809	0.2050889106624795	0.08707771734958769	0.025237867611696246	0.32866392165970826	0.06851605332322415	0.0797275789053675
0.0055341985491789425	0.039343748565068504	0.2273406713688764	0.2644303473433349	0.008674843163527485	0.04128745807527126	0.00935023020435187	0.40403850273039044
0.04600134720098667	0.15356207384290058	0.22837152710573128	0.14625753770412617	0.12493963683628113	0.24536499557960653	0.03385221663686891	0.021650665093498556
0.05079293978618761	0.20020670475995056	0.10294151960092444	0.37841002843534566	0.0025518336064034447	0.10495368214685724	0.06008461799205936	0.10005867367227156
0.1682003799158705	0.15747999065937607	0.24758325716480273	0.25960809802396434	0.0995909422671625	0.05900917344656545	0.001154900026705985	0.00737325849555219
0.028513834674539357	0.05966603742900388	0.07314067526833515	0.3696384211050436	0.04989665194141997	0.26772140129378785	0.03543079335350857	0.11599218493436143
0.21542705236495888	0.047359858714212374	0.015773500421498554	0.1045772444968497	0.12333334008235522	0.19064933951794327	0.24719335173675122	0.05568631266543057
0.08591200417530626	0.17387171746834376	0.19289581438018166	0.024747655558619047	0.21190083913749852	0.17209778000070933	0.06545086251121826	0.073123326768123
0.1902123925462094	0.08076278661834028	0.09058510084741712	0.13232123208621854	0.05771380533612358	0.047688746623843384	0.3647617979943998	0.035954137947447756
0.03182176895953483	0.13182669988986648	0.0018593018192511745	0.0520968872961422	0.12708986749906756	0.19311879280944338	0.35545568151303053	0.10673100021366363
0.1864086334934909	0.08111717832160567	0.15108921873483805	0.10737548244141192	0.17726087276881908	0.017298915603153206	0.12767526516115218	0.15177443347552874
0.005683809594008549	0.08952180516296979	0.0032369325893689127	0.09852256667524763	0.2375029220172083	0.29073052081880013	0.19556447120570614	0.07923697193669035
0.01712099552008474	0.02791156128507294	0.007231697484325922	0.12080982236213549	0.11014656144887369	0.12960419678258867	0.4438880801131345	0.14328708500378384
0.0014287139196537402	0.07477343728210115	0.11494020828763041	0.23413927426761388	0.06885968902999856	0.12051539023348676	0.15391910374028295	0.23142418323923236
0.4187744417113598	0.14336176691190133	0.004507069917472045	0.07368915218556152	0.009647364324184698	0.18546559150042838	0.14899593006898446	0.015558683380107602
0.2498778752735148	0.20430884788897385	0.11263378582909166	0.005881974342010279	0.011921749196439554	0.037468541749684545	0.18583102162143053	0.19207620409885445
0.305203434616647	0.05739711537317682	0.24452897406131377	0.23106128912772447	0.04371262703774072	0.0439782540538924	0.03139500025433399	0.0427233054751705
0.05158471814084564	0.02174886838938074	0.10252963565148882	0.2258047042730531	0.22974348468128714	0.2302171278970773	0.017477240512427855	0.12089422045443918
0.08984310281559982	0.06156791705438491	0.062310585522853706	0.20358681391558814	0.027036828362298954	0.21595258705741224	0.18070776499420008	0.15899440027766193
0.26079668789970833	0.21981519191902696	0.25071067051707396	0.026290132598441956	0.008439705941731601	0.16340803490500355	0.022488366433807444	0.0480512097852059
0.04496508293966775	0.05269193769077572	0.04776474176291376	0.359347394696463	0.012229808480303112	0.177372148571949	0.05251014860355893	0.2531187372543685
0.0668906028976175	0.18886902274576445	0.21272853190390723	0.024620140606709445	0.14298737600913716	0.14052349185424706	0.09650616655626859	0.1268746674263484
0.010610929714467698	0.24848441848708727	0.07677049412206602	0.12007999513511032	0.18690185291594397	0.08361179961970204	0.1803696112455997	0.09317089876002282
0.16145998550002255	0.0884570202595093	0.05680038173043968	0.1010895528133883	0.06153674441119865	0.21400311754570733	0.18538429221020408	0.1312689055295299
0.013933677819754686	0.11499198780479265	0.15352495452921117	0.24548491886031126	0.09535716296430181	0.032501745555467615	0.08919446568106013	0.25501108678510054
0.02692378384220026	0.038329818016529765	0.03523943680551417	0.1799763832439423	0.2701789785222348	0.11078055054109655	0.06417502976001703	0.2743960192684649
0.35117189411336847	0.05444975169183973	0.10051733986915906	0.13894309843064934	0.13232593517648814	0.021199231475889743	0.1095677974825021	0.09182495176010307
0.20962073005018844	0.14036463348259248	0.07671058518983179	0.20832639761938596	0.10601002075892102	0.07658701449477684	0.10656815844752392	0.07581245995677935
0.07005010651559315	0.27241234662445923	0.17549390097482528	0.28732008480704985	0.027754616818855757	0.09145791137990364	0.037737925560766675	0.03777310731854612
0.13309980437567745	0.06012611654508468	0.4099857356376605	0.21651920276680256	0.0559895955171829	0.02308762168309171	0.0979158968221539	0.0032760266523460535
0.02843048723580413	0.18228586541130412	0.39091093808629773	0.11264001416084715	0.17381998600385817	0.07431379207793548	0.02771668157128665	0.009882235452666407
0.036117848878353814	0.20524119185121922	0.020784639040226344	0.4472346497787939	0.114690965417984	0.044039053329412395	0.0075848526051542214	0.12430679909885595
0.0871691756551394	0.08076598826162291	0.3020382375449221	0.21014414236996323	0.058665789357121245	0.013103586005714679	0.1939173896292354	0.05419569117628084
0.10026258315146418	0.3306563288951925	0.09124065208751789	0.021645874778432328	0.18146722284739417	0.1595783707431896	0.014781059083898027	0.10036790841291113
0.06023631057890974	0.0933744626915073	0.25135437111496994	0.26208830894788276	0.1125260751989924	0.05481182106305044	0.056948912555005754	0.10865973784968146
0.11815270039138923	0.1316904020987443	0.15237993308713582	0.13989490680236258	0.12481971234284717	0.03761546552024393	0.06698695310809494	0.2284599266491818
0.046593855950595134	0.016299632310481066	0.04686257522544875	0.07301486289512746	0.035950274064118104	0.364439278216304	0.03634749944755032	0.380492021890375
0.18412249093797306	0.021476712097045658	0.21563690728932017	0.3075552866633193	0.06487167340738646	0.011995247031252543	0.1795694195240952	0.014772263049607381
0.1311162138470079	0.06519087650928564	0.13622020071540006	0.11721323895702161	0.06464472759428512	0.1452849580213349	0.04439155174041287	0.29593823261525165
0.27554825381542347	0.09740282475930014	0.04799966382771592	0.02435619604561602	0.29394312344455464	0.002041325888181067	0.009953219760968204	0.2487553924582403
0.1936351669150931	0.12081460130326872	0.0918126821866529	0.10976553125176387	0.21768427030055426	0.062432756577540466	0.11100864547245823	0.09284634599266817
0.09765624922561231	0.2745265720705379	0.07228562621279772	0.036849922560531795	0.27200130537334727	0.043683740129471696	0.15143886647781174	0.05155771794988931
0.10064435831817989	0.062217670407903394	0.15011333576433214	0.04715342568199739	0.020216012347904808	0.5182324644127803	0.05473515227164623	0.04668758079525559
0.11672540492731906	0.1349248154083105	0.021255428230595258	0.19487466028070977	0.1584615598057904	0.1195928439330948	0.04671757360798892	0.20744771380619112
0.014309110706484163	0.008680614384368901	0.20601700392710226	0.11514189810010396	0.132796759886715	0.08487987204399236	0.0962572712108428	0.3419174697403904
0.0028851305706899533	0.05723326890499664	0.039974299552412565	0.40036432877720973	0.21952896995424231	0.16819372028778745	0.029561578124151222	0.08225870382850987
0.03908040482170251	0.06492117359255094	0.13358793229948426	0.12644373874494313	0.03796359687412186	0.19882382724642417	0.2627627070901899	0.13641661933058302
0.024915646985764525	0.21275034371648754	0.006725517737584494	0.006211576660997822	0.033725400554507026	0.08050232169437292	0.5955550405196096	0.03961415213067576
0.01755079782026045	0.16947058500171291	0.36090841257664075	0.012444094282377582	0.09989569994146336	0.19453618812851842	0.07442391043320458	0.07077031181582169
0.07137020224248526	0.02501989156470963	0.17932192768214741	0.22859154805587734	0.08628801030919961	0.010507600628433367	0.35796859139662296	0.04093222812052423
0.026149263398107025	0.2956034151343311	0.027276946409222277	0.19946663983603813	0.022576659025117976	0.07632549134822775	0.3258706607767425	0.026730924072213197
0.16442332004014054	0.1800892980775357	0.2855906181614516	0.06270481277028227	0.03991260320851908	0.011244043037320184	0.06878897207069114	0.1872463326340593
0.07747694045510593	0.150154547084055	0.06772466668962507	0.153587066986908	0.08518206931245767	0.2353916124735641	0.10852801175580717	0.12195508524247685
0.05677141454396206	0.07915834612606629	0.11958078417108538	0.0016891129126693077	0.052025418787702796	0.3155327323783529	0.2651270383141472	0.11011515276601387
0.07682006133239012	0.1760257011042991	0.0364920396127274	0.2603757986989256	0.12584373092628492	0.21943960105311938	0.01627430813088497	0.08872875914136827
0.08263146597132301	0.06655439754289441	0.32256936284027415	0.2343185261935557	0.044162683421549484	0.10627678285709764	0.006354966016812444	0.13713181515649298
0.06590650369359452	0.05168735976880931	0.10314150027005316	0.10895547936087738	0.154749348512147	0.14358188790540818	0.08157097015965217	0.29040695032945807
0.1553481779953994	0.1417847865717018	0.3624811412415544	0.15638036781119893	0.05538601183259821	0.002564309831910569	0.013864225901643087	0.11219097881399333
0.08297158531816493	0.03583657058363281	0.08593665340660663	0.039938877804227516	0.2508220273200131	0.12199963968377112	0.11140903410167556	0.27108561178190815
0.1734129412682991	0.06696584709566514	0.01476355206057789	0.03454460336896484	0.15603773125755535	0.11286591523335027	0.1476422703417205	0.29376713937386667
0.006386043292132507	0.024786516529091432	0.06684509888996754	0.25853258306516147	0.17351203422214362	0.11021202317432897	0.22554388052540714	0.13418182030176706
0.00796481164256449	0.05155237055447977	0.19466830231787524	0.1049672074727554	0.11197326266603257	0.03867890586167316	0.13153206834615755	0.35866307113846163
0.12908998753857276	0.1421940027590558	0.007462947948493406	0.177875375033406	0.029101433909363275	0.45550978896665206	0.016212845166833453	0.04255361867762296
0.13409794655196042	0.03463612700211957	0.18633870943391084	0.27506886858929325	0.027407171270410008	0.12170544667919259	0.12985606924750573	0.0908896612256074
0.16085249634137502	0.23201793721633873	0.05873687556410208	0.2420311729608735	0.028112676470263873	0.012988917930297134	0.14841498988596596	0.11684493363078345
0.26821077210328337	0.15802392021415776	0.012255483288394167	0.006696552972151784	0.02380271381043403	0.37406498123283094	0.1530708694629022	0.0038747069158454467
0.051002965928711855	0.09425377653426834	0.3610075277304051	0.03420934290257892	0.14262862783650862	0.020486292350806998	0.26806542147762097	0.02834604523909899
0.18197492430951834	0.0674529630408762	0.12398489741877221	0.14558522688352002	0.19195192546909562	0.05724886440560617	0.22535506354908807	0.006446134923523111
0.03907141101377275	7.710634878981409E-4	0.0681715585103898	0.23426237510926654	0.05690981668116174	0.15983798951025838	0.09451306047985579	0.3464627252073966
0.04111526203787265	0.03146276583782126	0.53011455677342	0.012032257379722175	0.041056136636711746	0.2292061659598092	0.056568470374572424	0.05844438500007046
0.12959367317443615	9.326067223454498E-4	0.02847216737075632	0.20596830519564696	0.2486000908966649	0.17768109272386762	0.003235847337869052	0.20551621657841332
0.028649469132069033	0.4635287119326875	0.006905537906694417	0.26461787281504445	0.04784781509546614	0.09483857668818657	0.09051284089087755	0.003099175538974097
0.1436547679079497	0.35331878583893794	0.05760448769931312	0.20856449722203846	0.0018921888536274495	0.02887831067255596	0.044819471381979614	0.16126749042359748
0.07653991014106047	0.031474273579569015	0.5203342836490188	0.05544848053888536	0.04818584223056464	0.08613600223522955	0.046029411457593455	0.13585179616807844
0.1567120413536242	0.08281154083723384	0.08284357132101777	0.07859059741444249	0.026809701009427783	0.1610309457496243	0.027795189157514333	0.383406413157115
0.16510504466582485	0.051560026706111095	0.03477580414202763	0.03505015188368446	0.08245762753185401	0.46078755301050534	0.04940963552764646	0.12085415653234599
0.5154494908701645	0.07222213010531828	0.18893872654330535	0.004832376694471355	0.09439457280028421	0.003882229220276326	0.037644557121807865	0.08263591664437174
0.033241623665958314	0.03954174198407334	0.12307699724546618	0.23861018381829566	0.08486191222652589	0.16357364769779925	0.10485287511996533	0.21224101824191582
0.12134756659046311	0.030228999567381343	0.031944134713264655	0.011622969495073354	0.21957332611947727	0.24632041757406076	0.15883851007939084	0.18012407586088844
0.006662895595301671	0.13339094227545553	0.1290658960105805	0.051572225033053226	0.155327381772486	0.11690002815679057	0.10117465027409328	0.305905980882239
0.04600615522835774	0.12958263855338006	0.07893836829486954	0.08785692157836686	0.0016572887166710487	0.27254114128606216	0.06875068898885103	0.3146667973534414
0.23730532029044554	0.04334094440379084	0.16101721500105035	0.07400920531658817	0.2437109569674459	0.17981417759646198	0.026673471253921624	0.03412870917029537
0.21340874752620748	0.06760969353601311	0.1537422102609009	0.015546818342001556	0.10543287530137109	0.015592634873876576	0.25475633536424747	0.17391068479538158
0.3109242603622361	0.067122795948826	0.021138844904022597	0.3242602167894741	0.07727749931520614	0.11394231711520729	0.08027689388962439	0.005057171675403108
0.004287256023449884	0.004390103592311345	0.06476650758693617	0.06833412460553578	0.07513089758709805	0.4543950494378347	0.26732648223950917	0.06136957892732474
0.24276160964119942	0.09895612811929815	0.027240618415825396	0.07988106000693221	0.025991187005809102	0.34941993747239203	0.08388731938440806	0.09186213995413535
0.02381406959621281	0.1355997405499104	0.11757612009205987	0.234992149487123	0.0915201602791687	0.26910091176688644	0.01841090641358889	0.10898594181504974
0.04118930592937198	0.044005684523081526	0.001202977366444341	0.09536332069329227	0.38931542715170697	0.05004867766150481	0.2493572872968054	0.1295173193777924
0.13086929433748046	0.14104221372158454	0.2605120314851723	0.10732016106582379	0.06922686799977762	0.07215491968842451	0.03206708961743779	0.18680742208429868
0.050605451503882445	0.11494239515028554	0.044150711180652585	0.06234220448365087	0.2472384752859264	0.1082428223328905	0.11362790960339406	0.25885003045931737
0.017857398478892894	0.2371264443049165	0.1812697145487849	0.0381682199461644	0.12009258245867005	0.009942747196156565	0.11636578254341105	0.2791771105230034
0.034890949938750124	0.10949305666331735	0.39740915814991384	0.03649265161253108	0.01725944782371415	0.10660253856276258	0.17705375330798262	0.12079844394102807
0.4382638671757232	0.0158945488707133	0.35013755243010336	0.009303480090257513	0.011158340739791342	0.044355053192751265	0.017509832641162015	0.11337732485949786
0.050751591023307854	0.1570540900097998	0.24119347776422428	0.0037161738934949895	0.11519522824514228	0.04889560080675631	0.36506021600307803	0.018133622254196263
0.10156695950054205	0.004929482504687499	0.24016874858350906	0.049193262097807194	0.20389533759893613	0.181882711178075	0.15770662005308936	0.06065687848335344
0.06610826336452952	0.083636689566702	0.03528863965524187	0.10763654885116229	0.03849661692092306	0.03733787400859867	0.17973231187058164	0.4517630557622607
0.11143526118865962	0.049589085252171775	0.038597341596375595	0.32265923700591853	0.12804507308926683	0.06309753309137556	0.17845710228815725	0.10811936648807469
0.2186246452452688	0.33473321801260425	0.3349095176364707	0.00298923999178001	0.016129300137415106	0.060076889552029195	0.0022784125239301706	0.03025877690050152
0.2807155171910801	0.042414561895351366	0.05323409143279284	0.45563830148537887	0.08077007207310877	0.04061282415041635	0.009239079502086606	0.03737555226978481
0.030795805112339758	0.37231181992421747	0.059838627436552855	0.17437259910320563	0.13456601488134154	0.16528883504050873	0.048120007849070084	0.014706290652763743
0.06995017819802407	0.1807604108765871	0.5181805013027673	0.03504395710703147	0.0217207743608102	0.030977578767104552	0.04983004159109304	0.09353655779658213
0.6476051509703269	0.043833457944520496	0.01325963070724663	0.15494418468632884	0.034635026475770284	0.023327457151778794	0.026244124996586196	0.056150967067441576
0.11859567822969322	0.1186459958776896	0.23169841294782512	0.19796370515613693	0.007317032330275253	0.0338522730096478	0.17720260812090918	0.11472429432782269
7.830091044481596E-4	0.022939249274775447	0.12639909922591927	0.001750205106500452	0.035854495028152064	0.18633371786129163	0.03521139656641921	0.5907288278324936
0.1497951595594506	0.23541922018306044	0.1037025800338333	0.014341265677501824	0.10543430660508876	0.2415799450361958	0.016580395411718588	0.13314712749315039
0.07408362399097479	0.3460779408367702	0.0024771552116906875	0.25163090037795455	0.009966238638754066	0.013856502779996213	0.025379023038256565	0.2765286151256028
0.02498756832425765	0.05647148293734354	0.11102809285200639	0.26619623754099064	0.04364072194601494	0.2429985576824092	0.13095288877246133	0.12372444994451609
0.17305803807533301	0.05350618458849009	0.1731539496309078	0.1482469517343511	0.15178693815547767	0.17206656965354616	0.11947904606004045	0.008702322101853482
0.14838307232687287	0.04918715213227606	0.02937540453729684	0.18604296627951897	0.20831760481629608	0.20348355951074917	0.069318679238074	0.10589156115891574
0.14587331533153003	0.19338923894339227	0.18765040711221487	0.030818434717313464	0.15703539512478368	0.022205191577413033	0.2188717122675749	0.04415630492577752
0.10206458545490542	0.21691241518978832	0.10268932815367318	0.11539654633929056	0.13938087429551518	0.21333384541083672	0.09114167909250906	0.01908072606348138
0.10556054251396162	0.20628443590230006	0.2200879358345474	0.02502846660090731	0.07574568481630717	0.06501363249666495	0.029824856686070378	0.2724544451492409
0.11349504871866083	0.06151959617064978	0.13323028663470393	0.025690847418636475	0.3273644344139106	0.11798754126802499	0.13182285819143238	0.08888938718398076
0.06264709940971913	0.14807938373185375	0.09204221170829413	0.38237741984092244	0.17180345163030988	0.11955088723424494	0.018886831344127913	0.004612715100527576
0.01661502716190827	0.2131354748567728	0.11416167548606132	0.11420972802717198	0.35001004202031594	0.15544915701953235	0.02080141932914835	0.015617476099088812
0.020811995630994284	0.00831767961529968	0.017006061206225873	0.17319037564299244	0.4524206878846805	0.0853199051875075	0.2398020518423829	0.0031312429899165994
0.027669424883948635	0.18698488250563972	0.001034121472624716	0.06768354217279163	0.5718685593949331	0.10313184111972876	0.022076672346833	0.019550956103500244
0.09475938344577088	0.23435271356993745	0.06797211100043607	0.2835529654596348	0.11090233028766878	0.030549970213855623	0.005858569284405479	0.17205195673829068
0.09583307001009674	0.14320505195825714	0.1967239588192614	0.23073701485973241	0.010643178151451022	0.10117494703760331	0.15071474236758026	0.07096803679601749
0.11075459940380611	0.1447999335512704	0.033522712377627495	0.0836615025906629	0.47704732306193554	0.05518118475246399	0.07744611915091498	0.017586625111318296
0.07697343279921498	0.24501204891683548	0.16718549628065024	0.020259797878692337	0.017785765152790345	0.12197677798132399	0.20670906980207657	0.1440976111884158
0.10607773485836222	0.0655033913233738	0.074306863178663	0.05941724901065304	0.1447288993599076	0.18646581398407266	0.27047064575001395	0.09302940253495348
0.4606458619994216	0.0414075558182988	0.04378458363203966	0.11968245719706318	0.06520292504041639	0.048163981759647936	0.16952362651162262	0.051589008041489484
0.08845499270236303	0.05623515946945937	0.05322202669208864	0.16164846775462222	0.03985511813329143	0.015180046453717289	0.5334167098568037	0.05198747893765414
0.08091354312799601	0.17925605888576585	0.08064349572229881	0.20174117361923818	0.20725076144311	0.031233265024821877	0.03660890625731639	0.18235279591945264
0.15975034159765006	0.07114217947730125	0.12417612489344904	0.23796622978882093	0.006055688880524851	0.0767285546520191	0.21423687031339989	0.10994401039683464
0.27456548566389305	0.11685813114539362	0.18012381555909862	0.03329613006135043	0.27100457817374146	0.030199694810473188	0.05697897646255301	0.0369731881234963
0.18761403463117332	0.018685457290885527	0.03158756254161035	0.224707836520235	0.15525906811140516	0.1736975632108098	0.04702271419527376	0.16142576349860682
0.03321918723767357	0.45721653302036713	0.05233891219267016	0.04297132666656678	0.07135121963232677	0.10099992913326304	0.06830448069962022	0.1735984114175122
0.03666589078236317	0.2877396738951012	0.022481233975287923	0.10025622205022897	0.061844180598497486	0.035084490392907064	0.05842503925371283	0.39750326905190114
0.17330464763891304	0.0553423096963475	0.02571425463900298	0.20146867361119836	0.0828482464863283	0.08488426075020725	0.08268923431350747	0.29374837286449484
0.05379027994453944	0.15853860467643333	0.42141642050416295	0.015339199970342693	0.18563972841967913	0.14081965203765343	0.01294168114857662	0.01151443329861232
0.19000095143120072	0.07009285916951147	0.0227863449360248	0.399169902468265	0.060146425511949056	0.052718406457925276	0.044648292783449714	0.1604368172416737
0.16444487387544343	0.019318762294764147	0.19447695922206848	0.08588694337953998	0.2113838897211817	0.06453962049738818	0.0447005222633899	0.21524842874622402
0.2037598493173436	0.1730080464875569	0.05380067534741899	0.019500391252317603	0.23819383564145497	0.039842819087961556	0.06770995463505437	0.20418442823089178
0.12699384677141648	0.22298937566567223	0.03917395647494304	0.05544967380639296	0.11916162414279947	0.07331300105827022	0.0050753389173421315	0.3578431831631632
0.04233073186593174	3.1550638397431774E-4	0.11931090073101006	0.006386458208225337	0.07613470859233236	0.2966937253335671	0.04498745759566167	0.4138405112892972
0.2995368272828381	0.018458666249560787	0.06777852932229245	0.30872093555158814	0.03120681159741008	0.17316143231739156	0.09748758188848729	0.003649215790431315
0.08560672134266542	0.37596738138367436	0.010469935262196098	0.1395641363161469	0.07506929987822919	0.025156454436306763	0.08934657545676324	0.19881949592401782
0.05885316848906008	0.12092481189320851	0.41106996337358703	0.03733246737838894	0.007013625782418986	0.2422849988383029	0.10264603600343561	0.019874928241597686
0.10682846286820556	0.16749171555295408	0.037419336612397755	0.37026330978880795	0.002405905398273081	0.04999709512559357	0.03837687529626016	0.22721729935750765
0.13248952916014106	0.2112685247941687	0.03022819956626563	0.10381611575686717	0.05382625240253118	0.19087120687097284	0.1429267515683814	0.13457341988067187
0.0025616317118395127	0.13849906462738526	0.3096641010199346	0.0830036050679089	0.05223409700642451	0.10910886348064597	0.2695087758357921	0.035419861250069004
0.10363313336680094	0.16443736993819602	0.09831131520306417	0.013574858652816116	0.26498129904815804	0.17259653620664972	0.08538750800433031	0.09707797957998442
0.3502255453085731	0.05579205214930327	0.05758884032933831	0.1367315504033137	0.057968206619312956	0.020338553956591246	0.13306003893812948	0.18829521229543772
0.15007222720254354	0.28436869741826826	0.003974678978098653	0.13396641480835375	0.0765277071541135	0.046329998474240755	0.21834710189742929	0.08641317406695201
0.16478335724539966	0.4517373482450431	0.02021223188160068	0.0683779595044017	0.03634009086048835	0.08616095289205034	0.11626673612830762	0.05612132324270831
0.005647409102374337	0.1347563729579396	0.010938386899765604	0.20010598345855707	0.13073053672114818	0.10675757724521788	0.3444751220996125	0.06658861151538469
0.03613827823630944	0.08467675206531147	0.014997020994994212	0.027559912055352395	0.4530053288534813	0.19312714077001208	0.027809789162004578	0.16268577786253427
0.048188379271700665	0.03795928140203855	0.1896121943238318	0.09823834775754461	0.3808548973689796	0.06073195170754747	0.1313996276007132	0.053015320567643826
0.017261286052238672	0.1535793641656646	0.168982281346217	0.09193504069338879	0.21180716573485436	0.18718348974373186	0.03662606120000901	0.13262531106389547
0.016135683254407243	0.08078383284694779	0.11605561140759495	0.023281637272970265	0.4512818290976013	0.14450930033355602	0.13840100022948018	0.02955110555744203
0.13157945371627427	0.010059680040199137	0.04731268426537699	0.16228964813323174	0.1189235140518213	0.11343854614003274	0.3649555621973972	0.051440911455666385
0.09878721989780415	0.12524463260285623	0.22137695280524772	0.04904626800804064	0.2413140329614286	0.017416454467390388	0.0846683010366341	0.16214613822059798
0.31903571395116914	0.19987010520579906	0.23872286969313072	0.037786754045442156	0.05880709806037432	0.007437416997753188	0.008667113137391005	0.1296729289089401
0.11507705838086796	0.32550503642746453	0.2173076942004454	0.05969609447919394	0.15900996177085466	0.06124564004052932	0.04951717653587752	0.012641338164766383
0.05977384122801316	0.22568056352689864	0.15947762792641698	0.009326874713802003	0.2475502551273281	0.04495529605158549	0.09969774940732128	0.15353779201863418
0.051164933044889394	0.28716557910436835	0.20949799005100178	0.1560440879927425	0.005557785394639886	0.18362214487974585	2.5800004007398014E-5	0.10692167952860464
0.1739479776953718	0.01103176661394581	0.10685400311834313	0.11557202034966876	0.1836935656634824	0.03768859795279221	0.013069115062709344	0.3581429535436863
0.07687310452830855	0.14753820963494668	0.062216021579162395	0.0837526506770932	0.29770988691848627	0.11008343748330861	0.1262551554507303	0.09557153372796383
0.12557585965786922	0.17129491733504448	0.044143003111144385	0.04003334305328074	0.1790173018463239	0.08422020168031735	0.09161056807114341	0.26410480524487634
0.0922128239136823	0.016888472805773713	0.09515708822381944	0.15267386991435333	0.11860914295251308	0.13195552296409624	0.06885643888064798	0.3236466403451137
0.08801839954335079	0.04439318890022416	0.2577132584166884	0.031754168854181794	0.020081262919175766	0.12885591904609592	0.3055203230051131	0.12366347931516984
0.2975221567525387	0.06666124840391355	0.04833311264749088	0.4200902814765849	0.010482064583954925	0.04067493316697551	0.07166442825179556	0.044571774716745685
0.2123365063527773	0.26382228786191847	0.003993849685723361	0.12520167184447364	2.5916929948432976E-4	0.1687912384005879	0.13618851929194792	0.08940675726308686
0.14090725523068232	0.16654317085982584	0.1828600236876773	0.10642150716277261	0.06025722103207179	0.032581514445619394	0.20828521819975815	0.1021440893815924
0.27550359857585127	0.2855991317031982	0.17180990253149547	0.05385166927983333	0.0692200287830954	0.06386574505541324	0.0457219738070979	0.03442795026401496
0.12176497010937873	0.14496109544484947	0.19760211407579242	0.0012427588560433717	0.10090386572897231	0.2277116341207786	0.17900209721654922	0.026811464447635602
0.03544922625594066	0.2272853996442564	0.42022333220898056	0.018063898761201957	0.17678729917834496	0.10361500739912788	0.009688142011799655	0.008887694540347657
0.13277882475072672	0.18648212145207482	0.04113750523698931	0.16985110182251253	0.07561106141575616	0.09487775465523622	0.05527649371170856	0.24398513695499544
0.016233075004097347	0.03357762459670488	0.08434020582812682	0.2099526596491508	0.2067842141968294	0.02240112141907724	0.2733323135378934	0.15337878576811997
0.25825781741034703	0.29633242257746395	0.06479231427633703	0.22718745726658135	0.006610871750212438	0.012554738136948781	0.07266539138962186	0.06159898719248727
0.003262013121312801	0.057659062425645155	0.4628465104656022	0.011560035790065745	0.0788075151671743	0.09528326554840293	0.045335726926295394	0.24524587055550132
0.11104991319286357	0.18307620882970893	0.008817472970855805	0.42626045089966813	0.06402191262825341	0.054787142985920884	0.031648879801464955	0.12033801869126413
0.16251101008776464	0.09487866690639729	0.3592533242785717	0.23791564305692642	0.01067585755312321	0.07274973086686336	0.019395760363226502	0.042620006887126596
0.15393803527214223	0.06516604325848506	0.010446524691042056	0.06757882176003356	0.09808278391293193	0.5498987379949661	0.0032050093917690287	0.051684043718629794
0.3133393164452358	0.1454180868039362	0.09027341541552653	0.19089261684608794	0.0761936030020299	0.038199728914103545	0.07271632120093166	0.07296691137214814
0.06543605720269506	0.27440919243849166	0.24008351466174052	0.016857568359952987	0.032354047545168685	0.07559631579479457	0.031044779362434202	0.26421852463472206
0.12713457575638143	0.24884489219604666	0.07821580639848702	8.88107411987013E-4	0.009720112100171235	0.18490945084843916	0.0025308512622905233	0.34775620402619667
0.09230088714159154	0.005472098166225514	0.19400873092575466	0.11304283476094233	0.23066616206801877	0.007665073162525529	0.06202906233044311	0.2948151514444983
0.17584143931872592	0.0297648909658587	0.26511932207056943	0.010757113097133744	0.04079421870081783	0.13507757758309694	0.2283105105710155	0.1143349276927817
0.008553719125734868	0.07147289307983026	0.14124950487052035	0.09608227470431528	0.20751756645822292	0.20107179713444528	0.07005943932560316	0.20399280530132768
0.07169066984039946	0.16549719558966236	0.09573908277595204	0.4893810888402389	0.02940438202191714	0.06336328321838419	0.02211071892808425	0.06281357878536156
0.11333336586485274	0.08099539182754482	0.10021235064054199	0.14976839685143212	0.07270240601355407	0.019412209089279486	0.15529352877156036	0.30828235094123424
0.21550806498344754	0.08036899695638261	0.3984227868571374	0.0029147823871159273	0.0106965456116766	0.04306554272953936	0.08376714380444267	0.16525613667025768
0.05959890119447843	0.0014125011481163768	0.3222049998073264	0.06942493133179092	0.07485393112517809	0.3101115579418106	0.04761960625333052	0.1147735711979684
0.07921143968460197	0.03260072144862532	0.15494624161211362	0.059391418872372426	0.191615354493034	0.05290917130153637	0.2116838540375367	0.21764179855017937
0.11623402409798242	0.07486491594421511	0.022829385018517334	0.08929687937447568	0.045173348370282376	0.2974961287323762	0.3436327570234608	0.010472561438689854
0.09720440988646395	0.09373950854294817	0.17618560707056052	0.16878208240617854	0.06571702981734996	6.884428218985883E-4	0.20355989188818047	0.19412302756641958
0.12566760300589114	0.23142706777878816	0.00382784306259934	0.122097465868467	0.04968969181157876	0.2219243818224943	0.17989759059390753	0.06546835605627355
0.19778868440886702	0.09914708974511324	0.04452300216205027	0.0915832784686115	0.007695589776327644	0.359956181526102	0.13116889478129604	0.06813727913163206
0.016888567013081668	0.2687440908008637	0.07702441980039068	0.11404514007822006	0.14667030400302586	0.14894503272734994	0.12571429980917356	0.10196814576789431
0.15621740493915448	0.11718945707668703	0.06786874850892752	0.017027645495467147	0.15076584515418076	0.12327926066263596	0.08799364619762934	0.2796579919653175
0.1283988381457965	0.16377793723075693	0.14732833064087258	0.007669486427677327	0.1138451115791137	0.2216216120063389	0.10811635383084917	0.10924233013859468
0.07904402603550054	0.031318126065917454	0.19375925777651926	0.40739633061342506	0.10655224305361663	0.010646327870896935	0.0022443910184428845	0.16903929756568098
0.1262060415802984	0.0048341210548117075	0.1663315915039542	0.14897242026258045	0.3108796132699042	0.04854019412975935	0.07684186917090073	0.11739414902779065
0.10843350257599627	0.032423732606199976	0.2890653416379427	0.01635992386618544	0.013585246124174527	0.08524061444780673	0.17718330867624815	0.27770833006544604
0.03282756160203533	0.06000922021168502	0.023220689998446634	0.026595511810165992	0.5260939441102966	0.10980935867035277	0.20596508663735896	0.015478626959658515
0.246615450227501	0.08233317485914843	0.057682139314154585	0.043105183429485536	0.0293945934803818	0.1142095072078225	0.04350139225570741	0.38315855922579845
0.2915288839200074	0.05100944768896322	0.058529425005329	0.07026779694888799	0.04944875360145019	0.170061968110443	0.16785798331747598	0.14129574140744294
0.10452254426509214	0.03809972759511912	0.19351357054310153	0.03709121520755208	0.16049681258358367	0.06556417660538585	0.19341696548355738	0.20729498771660798
0.13119616925413402	0.09169670593511076	0.13473043853594233	0.03268353351088163	0.18628121977956968	0.1544456486054635	0.21942914883429257	0.049537135544605315
0.05740752225410237	0.03561153892145011	0.03974132354658995	0.230432759904405	0.2392024661936201	0.2446767665088268	0.15114203551113706	0.0017855871598683182
0.15289436576455412	0.12408533209749535	0.0689785378523756	0.0560042476281163	0.04359347549559657	0.22403622533623851	0.03184490365391586	0.2985629121717075
0.30466789731145827	0.10463132311471829	0.11029934524401623	0.10314929544494644	0.05736346937208062	0.08252949014446051	0.027115582487570455	0.21024359688074892
0.07490512088653695	0.22560560377058814	0.24982126873412802	0.04043724152882816	0.10638804584304355	0.14073553991709023	0.14203437351217743	0.020072805807607286
0.3064455765715811	0.07688377242965971	0.14073931886248836	0.2306527237895694	0.011543962779952885	0.03032876302747743	0.19532170744959998	0.008084175089670811
0.028142046037577362	0.09186179236180281	0.25005561539274535	0.04026529657811956	0.19168698360389247	0.16573560686994884	0.17105132816343932	0.06120133099247416
0.004697881338424137	0.10578950088404342	0.004335238984996492	0.056499090853766865	0.09050324677872833	0.44321979499147424	0.0588444896130699	0.2361107565554964
0.15816880346405413	0.14853987454051207	0.08414568395945576	0.2773857939063195	0.024218350869991245	0.15777506752304357	0.038213591409528166	0.11155283432709531
0.009058765483936776	0.2728005665415303	0.051571704533993595	0.05698507037835822	0.005582508481611376	0.25352835069864255	0.018406681979980022	0.332066351901947
0.38708461920304493	0.08069121150557827	0.11277900681946867	0.011557445620199516	0.04170690151586577	0.04546718509606529	0.045405955627740135	0.2753076746120372
5.699347350494044E-4	0.3945754168130169	0.08777846384957635	0.0018230657997548722	0.22152555228493115	0.10777526614800399	0.13738963131212528	0.04856266905754192
0.11247336507510473	0.19383593384212172	0.008774010227978357	0.15386519894820788	0.04049899847793463	0.2788165915580002	0.20871491636249162	0.0030209855081606424
0.21880376819889788	0.07493532623195581	0.06352175416238467	0.1410160629897562	0.19712507774148463	0.07169080539698952	0.09008402034295762	0.14282318493557342
0.02564565918938609	0.11777754366054247	0.29089454029857265	0.03013098576609652	0.30425392560001274	0.017610001033906114	0.17441291170700085	0.03927443274448238
0.06036917903571483	0.06924620262607865	0.2799559297940817	0.16984383352449564	0.2550575815950856	0.0895747731485515	0.015033033692256836	0.060919466583735093
0.02507816557573113	0.11830225710994283	0.00768491806414176	0.16313546858868772	0.036005830592796134	0.12978051894176593	0.34294913330716675	0.1770637078197676
0.014642789221987765	0.10539572606205158	0.01594672184993469	0.13030222698341248	0.17486340025067654	0.4764917045001329	0.06624305696645817	0.01611437416534578
0.027710160596269254	0.27013153776455345	0.18615059400109857	0.12537028337995837	0.05382262480394959	0.010295990627861462	0.028687754588896497	0.29783105423741263
0.17284774545612636	0.15900768760819145	0.010456328450276026	0.011236195258384124	0.013738045611458027	0.40218914231984615	0.04181073282155014	0.18871412247416744
0.03375993731872952	0.26478057247231296	0.08621907910161056	0.13658102295755958	0.19164481680686574	0.0071357184862500395	0.11220646750105277	0.16767238535561863
0.05934240853188698	0.027532637392516185	0.055438417819116764	0.012952720272211407	0.09007857670108207	0.08062702640533209	0.27266609239692763	0.4013621204809267
0.0760041597795548	0.15068350464263766	0.05711289483755333	0.18046468241400504	0.19496026587237852	0.10924512917426793	0.12632673792401336	0.10520262535558916
0.022982062774655004	0.07405367399578945	0.00866035014948574	0.04628052684241235	0.049915891717873834	0.08739839508884872	0.17675837638742162	0.5339507230435131
0.02238566134715876	0.01456560418780678	0.3827017337628916	0.0198059023358991	0.014992083740971343	0.1214428249269189	0.2000236743835344	0.22408251531481885
0.15855113503960389	0.20517719051205427	0.035175761311595916	0.20108044888366647	0.012854333205646773	0.07366182659981035	0.30715431476280436	0.006344989684817698
0.06620965226889938	0.2215714309917503	0.10981134512631106	0.03431675985254665	0.05317629028614476	0.364126405807336	0.1299471717883684	0.020840943878643173
0.3482583185487016	0.14459483592024883	0.0987887375709008	0.06543666291957854	0.2388799635452093	0.05064917296550206	0.017306253389427206	0.03608605514043138
0.14411396503622653	0.22998297690239858	0.2510755747502543	0.09429312365794991	0.10522470054803346	0.05591369846107366	0.0032224095045633727	0.11617355113949984
0.08593902652405638	0.234098362358795	0.30136180294917847	0.008866259310739144	0.04472144285189586	0.18739704860017192	0.054764951666802286	0.08285110573836071
0.17709166205710733	0.015593927406915467	0.14106935534766354	0.15245591051636728	0.12555165619413883	0.044489614411156536	0.2943350456828673	0.049412828383783455
0.0874925130023802	0.017387906262139236	0.05770934651490553	0.010487330628096134	0.2055343852748956	0.30985006756127015	0.30875868494581055	0.0027797658105024464
0.001749640810782327	0.2243451054670795	0.3181616288122515	0.09725383456622666	0.1273748885577711	0.14196880164373213	0.054803867765370856	0.034342232376785686
0.09790677318862537	0.04951641186421017	0.2447620115277305	0.06947689408302384	0.03028462565982687	0.03245024739018007	0.13576996334505187	0.33983307294135107
0.16127837255247673	0.041376193897699975	0.0025519662601669185	0.054752619572512956	0.0724611209408167	0.31876682726446326	0.10833559915849662	0.24047730035336656
0.13415068943306901	0.006899218477526642	0.15882007901168804	0.022935162177298074	0.2000683414439323	0.06314451509006216	0.39200076907220316	0.02198122529422039
0.09290556528898784	0.04341539147653366	0.11180038681173853	0.06487762427792979	0.34665442318593187	0.06755853864070674	0.15590207048882254	0.11688599982934882
0.10833464873380833	0.09626130830060023	0.08614387536142108	0.04306384453921287	0.2549048789397603	0.04852974738416105	0.01322922416628071	0.34953247257475517
0.03158915135370116	0.08015180732704277	0.23500431405113967	0.3425962063400466	0.1291575239722557	0.004960248053115401	0.027865580531724013	0.14867516837097444
0.032940269127067254	0.1540510100961483	7.789512635369145E-4	0.35360751295203685	0.006593621403008967	0.18137073183376706	0.02279372067708034	0.24786418264735413
0.163703521732241	0.0944783698379251	0.07596749896412681	0.06645836259223285	0.08250896213606967	0.08898946484027714	0.3627832361702521	0.06511058372687509
0.04162432358219527	0.0016158358841992515	0.14487810695791664	0.036439491236072444	0.36633690933114865	0.07020171949059724	0.0500036744061227	0.2888999391117476
0.032159243640871776	0.21238982340350812	0.052267156093135786	0.2570476973996655	0.032130193041976146	0.24224585101664975	0.14596290354163663	0.02579713186255611
0.15304042566092962	0.034326743279909575	0.18831905968192558	0.008414499988712604	0.27632318292219715	0.20849166909813427	0.11215195678314006	0.01893246258505095
0.014979158311790544	0.1885186746653007	0.016125836490969284	0.18499263096636662	0.19984434881229912	0.21893759127526402	0.08560742568801558	0.09099433378999404
0.08136307655070277	0.0949697810752615	0.20324162548832508	0.22769417620730398	0.1063530168274584	0.11919219207801728	0.13895714140563883	0.028228990367291984
0.030402858534711655	0.1601135704563331	0.10987249365982252	0.08821652386842493	0.00983254168371879	0.013231125484501574	0.15651916604612381	0.4318117202663635
0.08074802909295162	0.14354910639500346	0.2863466231760222	0.09772312129066127	0.24765176629614216	0.08280114596617177	0.041992271132355416	0.019187936650691878
0.3951882156404769	0.12471262240355681	0.024283251210633072	0.14142177099546716	0.02280660139829932	0.14097212791317848	0.04656243771583403	0.10405297272255395
0.06511073568274404	0.05076832933841739	0.1740895030538866	0.05482619744713632	0.2860015837629942	0.16176949914761482	0.16854245782369534	0.03889169374351109
0.03881811398782792	0.0031830176744324368	0.05384063470343661	0.08300113887801396	0.06927584543586335	0.028289036598524442	0.34533216184506615	0.3782600508768349
0.043217088651138866	0.09204034100728112	0.027321429545893436	0.15344452365519032	0.11251363396921032	0.2899878463368757	0.02459779924199476	0.25687733759241527
0.1091284950934513	0.007386753184104783	0.2264258491628221	0.45388879267142535	0.040532846633271	0.14192706594124432	0.015368077538574401	0.005342119775106596
0.004025805352714351	0.10676829653072652	0.20223216536492278	0.06912371234509444	0.030526323189011717	0.03569158636331726	0.1127866093173431	0.43884550153686963
0.09392699300024535	0.04293940436236582	0.05147336849917347	0.1928309690005646	0.015330447924847834	0.05346349903992656	0.003573845652901697	0.5464614725199745
0.10206742679043132	0.2189867832232128	0.0302060128369053	0.009536153114656096	0.450429442450345	0.022384659887370414	0.03474635226192532	0.13164316943515342
0.3454970321626343	0.16091038126428103	0.01425089784253851	0.06720519573785781	0.01770241402832891	0.2726021135184828	0.02898326224876932	0.0928487031971071
0.1710141724332526	0.08263237827714834	0.23083470629238323	0.0439633464759186	0.06099132711277526	0.16077840782026973	0.0988490965290919	0.15093656505916014
0.046501006410528706	0.1275852577776018	0.08213699059703103	0.16907796374550302	0.3575834540532817	0.10254633205053396	0.08768964719063464	0.026879348174884937
0.04905678294653734	0.08973099250281619	0.06382943615999466	0.36398119268519014	0.18873197390614563	0.18373799554197495	0.051341618656396956	0.009590007600943945
0.15080457650418735	0.11227852254753842	0.08496017707478301	0.05813849877373929	0.17462628945923753	0.30176056532578155	0.11068049023330125	0.006750880081431335
0.07694479131512616	0.36881664312126916	0.0796260122881885	0.15554443573323737	0.16823519071515114	0.010549582723909073	0.09919705135628205	0.041086292746836325
0.20244128554826052	0.21937339495381525	0.22814508894094315	0.0947665316681933	0.07489703721518534	0.04494108348078672	0.09381908328876282	0.041616494904052614
0.11692033354023587	0.007271076103467666	0.016392357047663703	0.05066512239453562	0.1048768751427113	0.3312399932649669	0.24062574870982598	0.13200849379659274
0.42044243080639876	0.07095334008469747	0.211428963306797	0.008933562711645748	0.02074698873458758	0.013970525417756896	0.11423795754387794	0.13928623139423815
0.011645635538557367	0.013012638111578878	0.29299953383393895	0.030619908846221344	0.2614605356946852	0.2795618258749377	0.001647653906218946	0.10905226819386143
0.19202954698821817	0.24257309955756468	0.1367230333933944	0.16022037630309582	0.06057800854005682	0.08222508340974259	0.02322750125280075	0.10242335055512655
0.2180832444252646	0.10594076891282558	0.007646738694345651	0.016497934136117845	0.16638764739185505	0.09890055454902962	0.2693647465496722	0.11717836534088917
0.021976719694495522	0.4193111627527083	0.1619524661068121	0.04272914476307435	0.09090067911917446	0.0025944860999351366	0.03141658272689481	0.22911875873690507
0.037918494445733086	0.04010153219249518	0.21952536025673297	0.2433702829201024	0.09483293260853716	0.21565253993197253	0.06101344440143214	0.08758541324299436
0.30509022458853363	0.042290743332422956	0.0357668699915837	0.15242181765827673	0.012171244764831737	0.006802162060287872	0.20623062459882546	0.2392263130052376
0.0779454730933026	0.12345894804105571	0.05023254569694997	0.39027041852316324	0.04298114290061264	0.2442525681084835	0.05320312562446601	0.017655778011966133
0.013896705770751902	0.09437747794422642	0.009979892115518751	0.26008934411378193	0.04582653687711906	0.2612165804909041	0.21479859372853594	0.09981486895916172
0.05199250321057268	0.12874692878685198	0.16945601850152556	0.027719747712463688	0.2847955361748856	0.15459351040307556	0.05607128096313438	0.12662447424749035
0.35696416670953046	0.14498386608522582	0.0596559546821695	0.16918388788739133	0.02399101005607991	0.06761750162451974	0.10214726975104377	0.07545634320403914
0.09571083408362965	0.014540537642622434	0.5649566462893038	0.21076198537022395	0.016513607340138167	0.0026441857882787134	0.019747699719639897	0.07512450376616323
0.08180426841933458	0.06317779062922062	0.10031009648191945	0.39612539249711043	0.07322359434267184	4.4040074876279534E-4	0.24073570820527118	0.044182748675708886
0.17195555134686985	0.02708792908117827	0.21853147038292936	0.12275803847497765	0.20873010928324043	0.008296423009940365	0.08680894332857755	0.15583153509228626
0.09230909973901996	0.17894528415151167	0.12990450247578822	0.23695662140539092	0.1056975090205237	0.0016118239505497622	0.09143998440085396	0.1631351748563616
0.040089468549919266	0.10623600340036812	0.018546170842877352	0.25555943195028885	0.08214066634049544	0.27808964714476814	0.03896365279175834	0.1803749589795242
0.40751549807655096	0.009711243939120762	0.0643538995844288	0.025977830504298166	0.057028409849567835	0.16152794633835377	0.0272012712118036	0.24668390049587577
0.0026458896340703225	5.858768905008943E-4	0.49606441472819673	0.14847261756485572	0.15759924037870512	0.07555745906662505	0.030882152807216665	0.08819234892982934
0.30633087668493075	0.04119739508320794	0.08106639546700493	0.14488819647971443	0.2973167649761661	0.030674669236204072	0.06726008355734067	0.03126561851543089
0.024415490350536695	0.06098843603600243	0.12538950981412555	0.00617897608870048	0.2133043886568156	0.3068360091843163	0.0956855408442811	0.16720164902522158
0.12380888318989086	0.12749224935408873	0.18985441308392662	0.23637532390959443	0.041663751265673746	0.06523896645919604	0.15766914135744314	0.057897271380186174
0.1969972843570559	0.08247274424750617	0.11751511728646877	0.15625358196113429	0.041555420067810336	0.031621467094793396	0.320645403365277	0.05293898161995381
0.005141322416497646	0.3915974875001327	0.09674813262435307	0.22780907090935612	0.11311640911651878	0.08701301801573165	0.05792614272352081	0.020648416693889088
0.18882554567787005	0.012492153745961146	0.1052027977144849	0.1071238745717118	0.3219534232044068	0.08839624868121909	0.009848918224278733	0.1661570381800673
0.19996269285909296	0.029449064448187637	0.13092022079937304	0.17238521345883	0.09969140316009806	0.11615336760428732	0.03307809865906915	0.21835993901106154
0.043520865353062044	0.012785528176503524	0.31527213534292736	0.04467293300722806	0.24742668433656612	0.1877039297736932	0.044477081237586244	0.10414084277243325
0.2930709022830942	0.06356906854610864	0.29649421175304946	0.15071056463465443	0.06282127992526361	0.01937187159355455	0.035704874330168876	0.07825722693410583
0.18664369097751318	0.2592641433825852	0.09832903248735751	0.12702791165531563	0.24507916171124106	0.008533559548184494	0.04473423811150888	0.030388262126293794
0.1119401697998601	0.01116187893996455	0.1267928986837189	0.08779773860163556	0.13913906265803386	0.23377349411844606	0.13450161799985094	0.15489313919848985
0.165510525256976	0.0925503961903704	0.20360793544099703	0.005367664028112951	0.30099385170427895	0.08313777104933294	0.1015208883007303	0.047310968029201206
0.05192388502563222	0.2470116192828706	0.11815311134404542	0.08159036802021478	0.20992253028759808	0.05313621230186909	0.010391021642740653	0.2278712520950289
0.23092305468391483	0.012035029178258813	0.09272278117591133	0.0016613790305172321	0.1858099174040439	0.2934671157736728	0.1587780070483262	0.024602715705354647
0.09484630912218428	0.17514210445528364	0.05429467346663147	0.0014406573388297816	0.1423335788414314	0.2020865816595419	0.09352255084536258	0.23633354427073475
0.1297701389421305	0.05852107855907197	0.031723068730899404	0.07089988272547718	0.27519507148954114	0.0597934947376086	0.2105087449477787	0.16358851986749232
0.03984977056026537	0.16951249222695822	0.23054274421839405	0.15967595239905197	0.10014849807803053	0.03487792520124473	0.14974681265922796	0.115645804656827
0.05092738193204557	0.024544015526299687	0.3447181223402971	0.035870425911821976	0.007883325140823419	0.07786944972098367	0.07215557097711513	0.3860317084506132
0.002111171448013746	0.12808993587561524	0.20318027118174203	0.010553743044598496	0.1876640323267209	0.038911669546712574	0.2800005093379091	0.14948866723868773
0.005583160089938269	0.0929389416659797	0.29077578042116603	0.1899424224361959	0.10706958609460503	0.2876538048853685	0.019467412632192357	0.006568891774554053
0.5300631572175526	0.09249333191711791	0.003942815555838877	0.02767445013219151	0.14982640404501701	0.04358363161989738	0.00718379601204143	0.14523241350034288
0.06548378632599942	0.03446244636026641	0.0020167820821582055	0.20080727934101383	0.36589253048266435	0.07326218854195077	0.24582801906947638	0.012246967796470526
0.23521450526734808	0.44702128245736017	0.07087101548221603	0.13021625212951832	0.008543839146045507	0.0026951927834289735	0.05029142483713922	0.05514648789694346
0.07844547491547635	0.035568276170016025	0.007326282177795296	0.23758601392370013	0.06676932979529787	0.11985537239005556	0.41236059403598646	0.04208865659167209
0.4502256433646812	0.062436005636120714	0.005621968001080155	0.021711900247733146	0.06849244406140004	0.06530252418937281	0.05428830762065291	0.27192120687895865
0.05273788702043747	0.047244153557673974	0.17863392077746443	0.04689539614278984	0.060351850968745624	0.6046143365364539	0.0010384674327503646	0.008483987563684153
0.04363466403408635	0.03293977401928627	0.13369748687592098	0.1356251383515662	0.07332606867342349	0.21350477144830762	0.2428110188105343	0.1244610777868746
0.0842281556612158	0.06223560633237553	0.2039410556841026	0.18279909283219037	0.014770507239512704	0.3036213626582983	0.05419814399829864	0.09420607559400584
0.10111801747420321	0.11177376120169968	0.12044789407367504	0.06846315730366825	0.03760364328953786	0.08057515688501829	0.08585121782239791	0.39416715194979957
0.13808656333266323	5.932765101640536E-5	0.1308093783773834	0.015523051452557293	0.255736529052061	0.03860970206804944	0.38599463990416927	0.0351808081620997
0.27238337116650757	0.01447672179707847	0.02492753699218629	0.3439760995026871	0.06964732967373395	0.08784708023516366	0.04112111012071548	0.14562075051192722
0.006302519242564475	0.26874568558407097	0.01916668616441898	0.002318934078950785	0.22936358569577747	0.22666617267761763	0.2293466801723461	0.018089736384253402
0.2991471268086343	0.04462466157674186	0.02643448271220701	0.12480329760807343	0.34219381199947196	0.09894174374617656	0.020982451661529053	0.0428724238871655
0.29008354986521734	0.220056196630942	0.10703591925775752	0.09311549641410735	0.006173236367898821	0.13581719279252422	0.032274204858918534	0.11544420381263398
0.21674928768622648	0.06333396574101954	0.3123471015625361	0.07206909725612612	0.03756947287494364	0.01281216645521635	0.04452393259365871	0.24059497583027287
0.13300828455670344	0.05292605595381651	0.16722144852991894	0.36525756047371427	0.11502325144189421	0.005324050050717413	0.04877397306049398	0.11246537593274107
0.046472809677531646	0.07379302621168865	0.14646491029304673	0.16433730999298166	0.04540660651526175	0.19271504831744035	0.2871634038297646	0.04364688516228439
0.1375892885610932	0.3217468579821302	0.058123442444207224	0.19651160228873998	0.16749182190800932	0.09912853167335037	0.001740355081022077	0.01766810006144745
0.2121598740735116	0.011024476225329108	0.09763596097984698	0.10742640428014658	0.3277233385049143	0.16935102701186927	0.025553131392592063	0.049125787531789825
0.03976671849893984	0.17833405644307126	0.21259784299175316	0.1638786708707877	0.05418998022681493	0.2691174594996477	0.021898796544087523	0.06021647492489768
0.028357027127467502	0.2643277429526906	0.31287518197268116	0.10786565156441272	0.007338750026026644	0.03350985593161539	0.050140840501814304	0.19558494992329148
0.007510027987893561	0.07789503071202958	0.10914451039880836	0.33893778506876693	0.04070090334512305	0.07701201611748729	0.017159295698033872	0.33164043067185717
0.0033098777574109145	0.09228255656750398	0.010720813461482959	0.043808141062673736	0.5167265467643236	0.08380536572631389	0.16567355327691907	0.08367314538337176
0.06678130409778993	0.0033007733171458997	0.1351182251322313	0.10462389300497377	0.28588561450989297	0.2880345475984056	0.033975664956696294	0.08227997738286405
0.008211387851534177	0.05743266326621514	0.12111310217376013	0.0026948170393062826	0.13673413830585035	0.4148376671016796	0.16702331099841308	0.09195291326324108
0.08287141017241381	0.0715966863065516	0.049583606139768116	0.25151979207282493	0.15048444501723043	0.17880068948186395	0.1824165383667659	0.03272683244258104
0.08098423537076468	0.13551325974035963	0.05396431724573378	0.2528277445778281	0.25716673239962984	0.10651837745937712	0.09083020119862478	0.02219513200768186
0.019388254163710456	0.01954215023898928	0.219166956701357	0.20864417245834913	0.007639766746592641	0.026595725080018534	0.03620494783600672	0.4628180267749761
0.111726559929335	0.03013588956879512	0.07685664088419505	0.01763702058462617	0.049257200369599546	0.17886192905029713	0.1080578706287631	0.42746688898438867
0.07387203285573771	0.07470304286455336	0.24115952795163814	0.13297271577375558	0.05648592107447781	0.011709654012067083	0.2762429536863721	0.132854151781398
0.16443135926627012	0.23311366352193233	0.1889086173597498	0.004372991888808214	0.17717595971555303	0.008223633750549103	0.1937462996693038	0.030027474827833356
0.11344272794259172	0.17649780891800043	0.0391173228393592	0.07267067606076351	0.015466717327383167	0.06610027470250804	0.2348516224966347	0.28185284971275903
0.023519249940307088	0.05060243729414428	0.012723556994648638	0.3892049703466707	0.06986643486027402	0.1394830771173632	0.22992068491620718	0.08467958853038471
0.053903757753305526	0.08764094500885558	0.14114395156090934	0.21463384543099417	0.07546387255036424	0.10495127506257163	0.05860296072810775	0.26365939190489157
0.034344211566341265	0.2398558347503469	0.09266941662244146	0.00995018677878684	0.06750454016072431	0.4021617876160176	0.0032410773572612434	0.15027294514808012
0.14460704635860444	0.014183906708250885	0.06715672485872863	0.04357104752108222	0.07642518720173994	8.926710094675355E-4	0.38666345731260243	0.2664999590295237
0.01076356671647305	0.2220302648925695	0.20786599215645568	0.07856615557108615	0.1381223851791531	0.10439989602534577	0.18013752832924476	0.0581142111296718
0.03857570160770399	0.3698508905048805	0.049695911587808964	0.01673540434074168	0.06018286392331425	0.0719920956401956	0.23630082834317462	0.15666630405218016
0.0774245840130515	0.005708579149219253	0.07962873884248414	0.2100277452581627	4.343249333890742E-5	0.31456252035235255	0.03540947815619565	0.2771949217351952
0.025216332833015193	0.03947410694875081	0.19887127766050114	0.03216168243233225	0.14599924568484732	0.05206561109497926	0.19141346355371974	0.3147982797918541
0.2191936251156501	0.02259410615743887	0.1563474035284219	0.050335319565654915	0.04104626013780267	0.002059402608331734	0.026657270732902305	0.48176661215379724
0.25327388162962117	0.08908770257819934	0.1529014947615628	0.13107503909986626	0.1898809504156018	0.0555005386439331	0.11558122588287877	0.012699166988336535
0.18987040408975137	0.029138726120768565	0.06450846226801786	0.1091848934084646	0.020246953304116327	0.17928777631474757	0.09711070433201957	0.3106520801621139
0.13114640636064598	0.01984410751124331	0.1749275886851895	0.10325591081446471	0.12488258615663418	0.2743013414644456	0.04011485099579905	0.13152720801157736
0.5407886128660555	0.21298724315495088	0.018337547756511224	0.026596682982507808	0.01736976563847839	0.07811836878118004	0.014317160536522933	0.09148461828379295
0.4295124486709646	0.08167051706135497	0.11280828570525336	0.14086655864553113	0.1533576955412558	0.029122316143854146	0.03605550103664376	0.016606677195141917
0.11707156828202028	0.22945401551764744	0.006869150218332079	0.005892853774567899	0.07944271787752097	0.11002085848717083	0.2346617336487623	0.21658710219397795
0.0286865093517136	0.038602750913374784	0.508810335535329	0.20210011809301473	0.05847676147203083	0.01999881797846015	0.10867327307443939	0.034651433581637275
0.06803358520597129	0.5075531758369048	0.013804431627209915	0.13716713647613787	0.010258804094846724	0.14793304230248813	0.09081374711219338	0.02443607734424752
0.0069313889528930805	0.011755316905093419	0.0905799458547023	0.14009626264812425	0.3281933938612832	0.1094691260006804	0.26946563641168364	0.04350892936553957
0.0068434475434575315	0.11651314333543011	0.21045385291519786	0.0999836642430686	0.019469714415474085	0.043516123959754946	0.0339566787490834	0.4692633748385333
0.08084862284079544	0.10517392626021	0.19742988328875138	0.005030158180794594	0.20478952023904395	0.08373659651265888	0.26071748141554923	0.06227381126219636
0.2462213555759656	3.3195400751967474E-4	0.1339845974714525	0.14495808514683314	0.09895806665033993	0.17684484548851906	0.043300118326101866	0.15540097733326796
0.1801982251262028	0.34765772775075576	0.017800662214522117	0.041572280347388024	0.0034247511510554773	0.16286290224626587	0.14677495314258837	0.09970849802122132
0.2929398518716293	0.2167205212034689	0.1605086677312603	0.06480550120669076	0.04323809503658435	0.1209811510811153	0.06581581008966739	0.034990401779583374
0.007738272176111949	0.1756431949204301	0.013436966557801716	0.11800575739763242	0.09041275803787811	0.09147779366420693	0.04434863425217839	0.45893662299376026
0.20086262886369954	0.07401707625771947	0.022418496682389336	0.09469122329580733	0.19836787521585847	0.29709528611599806	0.011548196524490031	0.10099921704403753
0.03195852712712892	0.10358984513453988	0.22402384435061878	0.05139216818492369	0.0026982935677229286	0.11756692030790016	0.3243224114515464	0.14444798987561908
0.16206663444843084	0.021893214895505386	0.043742545590275406	0.08682442085944381	0.2737945836810529	0.14156827784397646	0.21791076342399404	0.052199559257320866
0.4293865007939306	0.17369880180654895	0.08896798437869467	0.03106832167351009	0.03171360590963018	0.18697106778682876	0.022204760199179413	0.035988957451676934
0.19073221932640272	0.0353467033429965	0.4139509450389057	0.030203995918409388	0.05812727784901209	0.08746986037330678	0.1790965907108771	0.0050724074400895075
0.010911626685364578	0.0318331911977284	0.2092343286265764	0.07906762275373672	0.40327442751194087	0.021566525004373158	0.002385803508389253	0.2417264747118904
0.03472186361693441	0.046492685152358965	0.03583830312198391	0.0032196621764591787	0.019236376984534134	0.009176636769664112	0.18639301737082686	0.6649214548072383
0.14227401481052923	0.2796328370786436	0.03651656889206252	0.09946103004904025	0.09182986369791626	0.27845225188308176	0.06363617266540304	0.008197260923323083
0.12326283704040132	0.17774419056501833	0.05112715115185271	0.03384525075598013	0.1750645179624416	0.31671205395721813	0.036410122614373056	0.0858338759527145
0.28097344029582094	0.07877071888917005	0.3512357663112173	0.05551128224607693	0.09651354328386022	0.00927805646178019	0.11105435631841581	0.016662836193658326
0.2991372309136242	0.005123270919180731	0.05088857784830621	0.04552593170343365	0.11983258560819976	0.17557093863934703	0.17772096563716677	0.12620049873074127
0.058179740314875536	0.2315912696181568	0.12686163386593502	0.09965839255819292	0.15349446312243167	0.14433399089209983	0.042027315738105434	0.14385319389020257
0.3681029602732795	0.11250111656971987	0.07906614397349712	0.05252066783926401	0.19010159312036531	0.0446920428749899	0.049948603543689185	0.10306687180519473
0.04526840867509055	0.5107549427722786	0.22287597422698624	0.028849697669919502	0.05307453488573649	0.09836436175901395	0.036039850311586005	0.004772229699388383
0.2961926935848549	0.09852058338682312	0.10801853078753457	0.050027030069932144	0.0034727785518308962	0.3486510220511528	0.08598422527707641	0.00913313629079486
0.16352818928447338	0.01653011814020869	0.1523507261349688	0.359524743288234	0.12806318423126614	0.07106093841650207	0.019272362015193972	0.08966973848915272
0.04830330771247092	0.07478327977345352	0.05780968288673033	0.6313953654891395	0.08090672248088045	0.022098276078781343	0.0673773182874047	0.017326047291138985
0.026554918175060144	0.2553688897424591	0.16912232288669843	0.30021568239528595	0.015773167919273134	0.05316176013316906	0.090736838927112	0.089066419820942
0.3097959429363395	0.04130557774346004	0.16224129423673503	0.010147995673016455	0.006009927958208178	0.06879843568271246	0.14074066001619004	0.260960165753338
0.09380772481884164	0.3901924361423561	0.08538343687941202	0.008331285697096374	0.030077966817771418	0.21328509396060474	0.17237534308354535	0.006546712600372137
0.01643910259008377	0.06586621916100917	0.06533114771367496	0.11197684782501248	0.34795710221558274	0.15060608110513438	0.1146708560293624	0.1271526433601399
0.13610444084871517	0.11776475685768897	5.201635882354644E-4	0.2329116704692821	0.07139309495210518	0.19383799657992734	0.15553697430184343	0.09193090240220211
0.3507963413219499	0.04306815592067384	0.02576812278227912	0.15843471526807937	0.03418061987526595	0.2429177335298888	0.08950598037095153	0.055328330930911176
0.043330734956935735	0.33633916739907366	0.05032246435235964	0.28576364607373617	0.015522208468394347	0.042332443783328	0.21138076649799986	0.015008568468172445
0.11020812472774931	0.0078845082377893	0.0023530322452650354	0.1666357024933369	0.27333208341578186	0.2635332259805069	0.11601291979505853	0.06004040310451199
0.12341465446909412	0.023774122353668964	0.3058458873721592	0.03014014595199918	0.024022427503926552	0.0216321189989718	0.32059426930101065	0.15057637404916938
0.2665507920187477	0.18441025750455775	0.153390372275823	0.03527060424906038	0.041612839594015724	0.020430010526149026	0.22991307759451007	0.06842204623713609
0.16446624817132743	0.12311552230999717	0.05397926527402337	0.07124132976498215	0.20961075393529455	0.08706133627160763	0.031036445166496215	0.25948909910627127
0.07593232851779558	0.009882110815284229	0.14106175847564567	0.17881560950325046	0.1680888227679673	0.02831508447734009	0.3014663938852083	0.09643789155750815
0.27274023808507614	0.011595141189963382	0.04237736955775269	0.16655861970260252	0.04833727540875142	0.09978212902460322	0.3040085641293116	0.05460066290193874
0.026484787131185183	0.1051629532336681	0.014655789096816307	0.1308792611712962	0.11895969813731064	0.19576296849017666	0.017661341582208	0.3904332011573388
0.02873371561379079	0.006448733405747434	0.04426402933163813	0.26476733276443754	0.32101161299473246	0.08379625962201459	0.0896007255181066	0.1613775907495322
0.029399547842441212	0.04022059159739905	0.1129533536339888	0.23297452428869322	0.11562855872959574	0.22688989563410672	0.05509703561221545	0.1868364926615596
0.04632788615976377	0.3229321415337572	0.11067301065095073	0.08393066717044721	0.20358244968967248	0.028720896111854438	0.05894295930535842	0.1448899893781955
0.10909792820690477	0.13954970432134914	0.06699099681143053	0.010584100824738985	0.013189793675954603	0.3651369939694712	0.19710186771800306	0.09834861447214752
0.013713674479712251	0.01537838412961548	0.37214043462789703	0.013981171862476632	0.291590518795234	0.18236956819832068	0.10657052702998554	0.004255720876758087
0.14669268770977426	0.026599135543469446	0.1551905160030864	0.41468362640103473	0.11796286670141515	0.033470750689824746	0.08896677422318883	0.01643364272820634
0.3206124362651711	0.0581096065710726	0.03369704585740331	0.02311354396546232	0.04152479594635035	0.12803759308647142	0.06631943712339192	0.32858554118467664
0.16835195038116024	0.027584482771315505	0.0083475724849211	0.12737557426734572	0.0024302473984691986	0.14481054784563063	0.17664459560512324	0.3444550292460341
0.10967426900568134	0.05998136879425511	0.18185278965994156	0.09804131604430033	0.009991915620416347	0.4911091236190579	0.010818270858104315	0.03853094639824292
0.03271977649750667	0.17455766713848705	0.03744027507417817	0.10777163563510407	0.07008003348666286	0.2649251572490702	0.12551857827359006	0.1869868766454007
0.16677974967302328	0.21336831042020532	0.03570020517572628	0.004956598032260187	0.026786509908499526	0.07481883274962732	0.03476679487269296	0.44282299916796486
0.4938581088276097	0.11399756205353344	0.03007472866226403	0.2034537569022507	0.12092103619477788	2.1015184575585988E-4	0.036515031356925076	9.696241568828562E-4
0.010212049667858228	0.2548196720535302	0.08591078281407924	0.22099281833447126	0.1397101554617182	0.2128143290093517	0.058514708111507566	0.01702548454748344
0.2228590567883228	0.0864840604365106	0.32615653560212365	0.003909357910180572	0.00632038018385328	0.006661114031002197	0.27746230154456436	0.07014719350344224
0.046100531556598434	0.10884128606326779	0.3583071286455646	0.06322934682285339	0.012156650559094817	0.05310792053273339	0.03522156456624484	0.3230355712536426
0.003520811364835119	0.030498914250249642	0.2138379541817655	0.44827065462502413	0.07856569490281717	0.028047721744730608	0.02333291637685833	0.17392533255371928
0.06258583117852237	0.06277342224866438	0.11688533573676599	0.0028790123374421994	0.5081403586216094	0.01455459747788651	0.20923816928322114	0.022943273115887772
0.09110489295764644	0.12270444994709771	0.04680508555929169	0.026109058714617134	0.02467820452369099	0.11717801683865392	0.08842088708035276	0.4829994043786491
0.3330999960376247	0.019907641065439227	0.17976865356922248	0.028157134020458094	0.21211464782490902	0.11578492907004256	0.04008148604751818	0.07108551236478543
0.034415609984361786	0.06930220479623006	0.2792194641391381	0.20856289594440847	0.07571100720047755	0.012321166166940345	0.14786520900215044	0.17260244276629302
0.02063963385797253	0.2153418963027989	0.012775989262240758	0.15911929269142408	0.07440615219937932	0.2590736786882231	0.17480777114666265	0.08383558585129847
0.16407711849746304	0.12938134765484452	0.01735834049340243	0.41022234445008654	4.7423093597739885E-4	0.07677513571255094	0.11485538385120746	0.08685609840446755
0.13154955572403418	0.09699914272400181	0.02345918600563071	0.302780592201717	0.003869746722856976	0.126682568192252	0.24956240768894658	0.06509680074056057
0.2903909745647959	0.03975697257059563	0.12141663400460706	0.1610018853573139	0.08301802531369457	0.08087062026923503	0.17021461769149748	0.05333027022826012
0.07954896388667766	0.019232606631807578	0.504743037935086	0.07294779641256569	0.08554259899280794	0.09061926334442132	0.050752864671532574	0.096612868125101
0.14293213534444074	0.08673202878732589	0.2380227736251569	0.19067865174041326	0.06897120863380352	0.07597342649995542	0.07939615030834347	0.11729362506056056
0.13391248999616076	0.25566200425014474	0.04637830364731202	0.11760352853183523	0.00811751789078892	0.05017973703555441	0.2838816779173918	0.10426474073081188
0.2464230821040194	0.16017646956120335	0.11659260981339457	0.02613177461395222	0.024625757985327706	0.1292907563118305	0.28262120527929346	0.014138344330978575
0.10553513877096601	0.2044930177122412	0.10047783669456486	0.1987660648880707	0.04964735959469306	0.17723028402948063	0.08602441596231875	0.07782588234766455
0.014496062553740738	0.041020023100830375	0.24952101392687936	0.22938690788525878	0.060865957666516826	0.16570361382210833	0.19005384454012259	0.04895257650454281
0.02252511786061559	0.07607657641239951	0.4513988415485575	0.274960261076141	0.04633017077517662	0.04373146606930994	0.08209165536659202	0.002885910891207641
0.01427621195825815	0.16778084760783313	0.14178515365661673	0.07182752717816024	0.03574632972996891	0.4112044164186782	0.11396557844221096	0.0434139350082734
0.22248404067455138	0.14996378136988298	0.2602412479442229	0.052993896474155616	0.09785688504483514	0.14263937767350315	0.02104868211616931	0.0527720887026793
0.04868810018593146	0.35307797154455434	0.02814799580012306	0.06974712124804043	0.07146272426952732	0.07424237427036065	0.0452167830912696	0.30941692959019296
0.05340765526714411	0.07646076536892013	0.2617536600129936	0.0782804462598327	0.02913314615332291	0.0667644718821713	0.028154103829264226	0.4060457512263509
0.016390690111318718	0.04453493643973429	0.22033063181399706	0.21770907896475883	0.0532552631716932	0.3842175066550375	0.03308648254258664	0.03047541030087357
0.008569016029337864	0.06187808545633078	0.2493602430151425	0.25409146260616533	0.24067480231164046	0.09303109672474617	0.055717215882870555	0.03667807797376621
0.17630512202567167	0.0531108299115102	0.17730354247013336	0.1006672218171172	5.827715862585098E-4	0.1708448583545047	0.07348131157911553	0.24770434225568866
0.13340432227652793	0.23039676968119463	0.13125987504286873	0.014921702145576254	0.13820511552553186	0.08979354224418623	0.23247192377246115	0.02954674931165302
0.12114961714457612	0.21577898781555133	0.06898205297400593	0.11476706420644998	0.25628608502450445	0.02296031906531147	0.18383950627885598	0.016236367490744474
0.12300319742913034	0.013770529586418528	0.06881769089767836	0.03745604238980679	0.4838617998162419	0.031081808851984458	0.21584260240399306	0.026166328624746243
0.01821742793166109	0.19973446440208847	0.0019535126161963623	0.11363681747357106	0.4275689259443959	0.15335641860950466	0.07751879994808106	0.008013633074501203
0.16463287292327433	0.07612459401953786	0.0899641257320468	0.15550169699708088	0.024520449508853126	0.2006208803341865	0.07706305313901138	0.2115723273460089
0.003234486839284248	0.34184341748325725	0.027635770274964777	0.3516089255671036	0.034116935611909815	0.18027489694119353	0.009963284269625478	0.051322283012661105
0.0703805640507623	0.011182527976516338	0.2757225949453511	0.04050811761514961	0.10414665403546118	0.10462027555960238	0.199199694575326	0.19423957124183083
0.010488670926546428	0.02036705756134158	0.08355627601218973	0.0523462034289794	0.04401496025428818	0.4078439955246135	0.18063880894878223	0.20074402734325872
0.18518352901673524	0.10715508660867235	0.12339755806512201	0.174196955590706	0.046853750842692804	0.17470603596552586	0.11941352025044356	0.0690935636601019
0.18709569383043945	0.17383797044145324	0.026908690569879212	0.4081039432315202	0.02015743666269805	0.010366112306200617	0.09664976893966032	0.07688038401814867
0.052030359276837856	0.3908105062906553	0.021030831075961334	0.02270121523928774	0.09838811329757205	0.19467772531048383	0.006456999582292899	0.21390424992690887
0.045506739987224	0.3006492390152433	0.3014577454571278	0.06234547835137734	0.03292040837790139	0.12640583002615388	0.023522237541526547	0.10719232124344562
0.012604860176037652	0.2613834411979543	0.03435435957628216	0.0219478604357059	0.16348413711470122	0.15031178746057133	0.053620465165877	0.3022930888728703
0.05728110504712458	0.09686829510411696	0.03868782665487956	0.12715813571941884	0.21943171920803578	0.2419302699428103	0.16212310158744886	0.05651954673616494
0.04158934703670253	0.09854307910042746	0.12292173942923053	0.22925163619636146	0.12506103704800567	0.20160970711605003	0.11407624110544849	0.06694721296777364
0.09568597962441389	0.3047818039595609	0.10444274162943526	0.17289119378783369	0.1088722484595188	0.04208308943585122	0.031767766906999076	0.139475176196387
0.16487696280410044	0.37426297555539134	0.014756191275082195	0.03978930628846025	0.05116825223525469	0.078572595663811	0.14677862552402038	0.12979509065387937
0.06249778977865306	0.08399091588940107	0.17693556494833396	0.0355053562732342	0.35820688053677796	0.028364596642510786	0.24368211543587748	0.010816780495211259
0.09462283940290647	0.09903045379818876	0.2916407238425052	0.1464206470009823	0.014233314591214269	0.26890348205180303	0.0697291386495954	0.015419400662804394
0.07557165555677084	0.08115282236354454	0.17185834306145156	0.020823016957356624	0.12426405553139035	0.15027242623407755	0.18384518434354713	0.19221249595186118
0.06400390660795285	0.03269998945635294	0.19291155632081392	0.3054683616417887	0.08092406693864246	0.12397412436668855	0.16197171932773566	0.038046275340024735
0.10330623240903891	0.020855609319055224	0.036292074541184605	0.09533010228329941	0.473579703732775	0.05944254688518108	0.11522128066273629	0.09597245016672928
0.48877964460596357	0.031296760259425835	0.030290158414631438	0.1104861673879122	0.07654194360034003	0.040957747578749704	0.10740070501702603	0.11424687313595089
0.16711324768038632	0.10598077893629024	0.12438687391536385	0.15763251274130785	0.0031596670166613855	0.002878002690321693	0.12682849306979116	0.3120204239498772
0.2640953716378962	0.1045285603721451	0.12626497560231792	0.06924787173062522	0.26478515390597446	0.057482698526380896	0.06311040445124297	0.05048496377341698
0.12887161256480362	0.07652466201327868	0.2609514050581553	0.009396570198638848	0.020652335375109784	0.27320955549284914	0.18550456111830463	0.04488929817885988
0.1301214103357477	0.08818708274045747	0.07258380030253586	0.29833065912360546	0.134937030925998	0.06092155593059635	0.13053032495816905	0.08438813568288984
0.04783801853079035	0.1294575409589592	0.10036059003064146	0.06681396665023115	0.022805471088106224	0.10386903603666243	0.4547405134411666	0.0741148632634424
0.26441368979014046	0.03654895916435409	0.008316691871481666	0.011394891597353837	0.49877980440288117	0.03087660706369015	0.016152425565816267	0.1335169305442821
0.005172783057591904	0.10720790010552965	0.27187879901738854	0.22014353849779073	0.030093568209258376	0.13341059505275576	0.03952920095918076	0.19256361510050413
0.05734132283009084	0.2727604802319283	0.09988143786501992	0.1799476965596602	0.051644816445809316	0.02671316008434209	0.2797645158708262	0.03194657011232299
0.14751190685312388	0.003330600782701282	0.05623394760910058	0.03407682154117789	0.42400789090047386	0.22324553813422954	0.04948362427582656	0.06210966990336625
0.04031647908028821	0.2662379813415319	0.08790409872056758	0.07651257041891132	0.3161372688418097	0.009678458917114927	0.0015383564031485192	0.20167478627662766
0.055472045647163196	0.06051084963593471	0.038066814510411745	0.007281090147393254	0.35563455582932596	0.1872034879062425	0.11948648916038036	0.17634466716314812
0.2908748232843972	0.06267194775130691	0.02736068256128721	0.23666768653915402	0.09481995741568777	0.03751245214936283	0.21378801390965194	0.036304436389151803
0.3073020447434667	0.07029864787083862	0.12092218850345963	0.0778944014221363	0.18141199854133905	0.012232943482324884	0.21709121563025705	0.012846559806177507
0.15317333860237967	0.03666610940551562	0.22726642350617554	0.09909741021725949	0.04664947278338176	0.11215915569571483	0.2553564753035874	0.06963161448598552
0.12147992174403065	0.05889602277073849	0.04519192831452175	0.03560889354338784	0.44440081288744704	0.20609107988941067	0.08754885378301419	7.824870674492668E-4
0.08432782878584283	0.0322037357661306	0.029366621750529218	0.1879099437632903	0.32113036787715266	0.20445211032635352	0.13505070491352092	0.005558686817179692
0.15938584901664615	0.026247190981285667	0.05040949228436255	0.27953310632442563	0.010658708728970553	0.11150660592983383	0.16528590670916282	0.1969731400253126
0.049132423525892505	0.06713222546812661	0.08108104087276458	0.10046863823216919	0.09631680894073973	0.4549835578717317	0.04026371560577209	0.11062158948280336
0.15238187613744272	0.012575493372473698	0.20068727418927812	0.08047594850898847	0.15052930970769296	0.2003236686441096	0.01837362370624665	0.18465280573376758
0.36020589224470445	0.11089460012190502	0.020230914107086495	0.3293738384330891	0.006973272537589004	0.11258841854129491	0.045721218013791975	0.014011846000538813
0.1979560000921579	0.13403311032175025	0.17138931992100848	0.16318532457412366	0.007521547839195064	0.08174545844094047	0.12026832553651122	0.12390091327431275
0.309304123859093	0.1845388524648908	0.061258986131221105	0.0021580842077398438	0.11255187890844681	0.02173076114133772	0.2630932127415818	0.04536410054568857
0.1891550548589336	0.004332174718187601	0.019575312226853075	0.13839745693525884	0.010369196117780047	0.48079221138759154	0.044436380878839776	0.11294221287655531
0.018956354974239822	0.19959046998450525	0.16930422367364606	0.04449979553912835	0.3327521349012402	0.16331729779924853	0.01974636528012287	0.051833357847868716
0.03800995819794449	0.09777031660552124	0.3354933829031932	0.11238470675841558	0.10685196624045229	0.06518129854498211	0.14679758452584263	0.0975107862236483
0.02387886343695092	0.048046351714518445	0.14618927999478004	0.14139101772242763	0.02964561982666608	0.15972349127654925	0.020926534169041416	0.4301988418590661
0.36886803982108496	0.03966375862494048	0.003937030788046303	0.030606107044666486	0.09399362158186089	0.07732949645454495	0.3027233914231715	0.08287855426168415
0.15238545892055805	0.06644808940191291	0.007488722728095795	0.417762425597589	0.020228520308720244	0.024097488689792307	0.06649586560049388	0.24509342875283763
0.132870273045792	0.44726139066682036	0.029731765545418704	0.22419245569325208	0.03320650395955717	0.06359624158743399	0.06371326969737912	0.005428099804346387
0.1963624303179659	0.20630613243610565	0.04207339260227011	0.16168784041876327	0.08781295711890366	0.08362470575925446	0.15809433565834896	0.06403820568838778
0.03493689709585182	0.33974192971489847	0.40897447647109986	0.007063439239755373	0.025241253861444712	0.015945720824643253	0.12705955267736813	0.04103673011493822
0.04641713976523665	0.002429277050236725	0.13755263447736282	0.05520802425999215	0.1396568079487816	0.07271793321490683	0.042843564465849276	0.5031746188176337
0.03304682495332424	0.057537596215335454	0.40425095444947523	0.007011845066032585	0.10740305632258204	0.015455179395261726	0.07985995488768693	0.2954345887103016
0.15547582059079695	0.3021476376719641	0.004867807028256885	0.014662602950260437	0.1933994773745989	0.09628030822902904	0.12545789242983071	0.10770845372526275
0.0179601553573564	0.6681148257569672	0.11069366764539422	0.0051280716067771265	0.037983127341907466	0.13271518406131702	0.014248888486098552	0.013156079744181759
0.10819851308667472	0.21122739387537381	0.03246737509280204	0.11280131972405937	0.06530222852876098	0.3233219745222654	0.032743508228018636	0.11393768694204486
0.028412255016919977	0.1007819196745351	0.10043241136493586	0.11872391579955624	0.06240918232203341	0.06989288674295682	0.052758768430456265	0.46658866064860616
0.047958701312441704	0.12517536357997652	0.2437995390088077	0.2526654898179729	0.10402143562457808	0.039247250945001005	0.09252151253420096	0.09461070717702094
0.07562403073384932	0.261900864115631	0.15173651964049967	0.015195427093349118	0.10364041518863726	0.04008586468431649	0.08957973884334622	0.26223713970037066
0.01939830286494794	0.03411158918647522	0.09289285219115367	0.23833066061989322	0.04125770815780358	0.22125940266207825	0.2643983445383598	0.08835113977928812
0.03934369029170037	0.01925938539156502	0.13418532710059872	0.04670403699645509	0.3526791921446947	0.20195198577094825	0.16437896395973517	0.0414974183443025
0.011319012932149153	0.019380397167450714	0.20095424023650743	0.29113960807129285	0.06818293188605862	0.06741517611725903	0.07791657601267653	0.2636920575766054
0.49712641305761474	0.017242103902639278	0.08559931404771867	0.15045362857753725	0.03694143676835902	0.07625770986605099	0.023023773025771327	0.11335562075430845
0.09951547526040752	0.15685211379458852	0.050431268546554664	0.09123148844196177	0.44762302164914636	0.03608445703630109	0.09508820603763529	0.02317396923340452
0.010072952488724307	0.28017630480670497	0.23902412611602203	0.15113756487916555	0.09814926992370122	0.012468254378797367	0.1769605874523973	0.03201093995448706
0.008760213119762258	0.2513259184950172	0.06661546567369982	0.11868185097553341	0.2796327471688255	0.032795353545869904	0.13969235360315513	0.10249609741813659
0.14550343928775858	0.15210764838299154	0.05982021192122543	0.40469202460911	0.004252297419969672	0.020859275151654116	0.08581733522577277	0.12694776800151764
0.12180289830632345	0.10193805510777038	0.322555249258055	0.042983601363163926	0.08748695556320658	0.034390267977880556	0.11385093259180097	0.17499203983179884
0.26738377146302705	0.43825157248633617	0.0443115969013706	0.04525287086917193	0.07229035566681005	0.023882591832395744	0.09910617166862473	0.009521069112263539
0.027545293337489396	0.258511811855899	0.07233972556473277	0.20728251280583435	0.032983645550829124	0.019708620435671828	0.15327222936738166	0.22835616108216167
0.15003659958339335	0.1969647898370308	0.056515936172960746	0.038976161340814566	0.11736027193436901	0.2098491144713915	0.1636911555794242	0.06660597108061553
0.0378787881802571	0.040375791725419025	0.35814883758152816	0.2778936872174692	0.054917746490430616	0.20600242705770572	0.015133344700280271	0.00964937704690974
0.0638902059335959	0.04224174941853097	0.17562606889256754	0.08396509491916007	0.08125730202298218	0.36897407887339023	0.13059834601771883	0.0534471539220541
0.08146920565347626	0.1258708155997309	0.10068862865290568	0.03024211849849827	0.013331807372396878	0.17975653203340208	0.2100424070685043	0.2585984851210854
0.2136157031172618	0.007147249666889427	0.14607928202726078	0.19129151586085402	0.03453527271009689	0.1242858722241301	0.21198887482941092	0.07105622956409574
0.05907422425857643	0.049976186365771974	0.04545838330647908	0.47016539759217235	0.07999150882320764	0.03321698617479488	0.07110994963832577	0.19100736384067157
0.34659063467823725	0.08578037489589689	0.02195476262240957	0.011668465465334746	0.19611774604998	0.08303673708506773	0.052894560499551366	0.2019567187035222
0.1701914605510052	0.2939378896552825	0.025084877133937714	0.04145117297768304	0.11027517742507946	0.03693695750098594	0.28974683558677905	0.03237562916924688
0.2921169739699768	0.028980039634121962	0.04096183831896767	0.0486339960235941	0.01796262920024587	0.07851662271330062	0.33478052595002245	0.15804737418977027
0.11055850967793786	0.06611586608452323	0.054096486023814505	0.07460217685844203	0.21923416163534076	0.09500234606436887	0.00229755266250721	0.37809290099306536
0.42547133252519465	0.010293688187986982	0.07399255678226113	0.14798856785318973	0.03214053821084398	0.08187002094276691	0.12988358651622564	0.09835970898153058
0.039677302640985485	0.11481133279365899	0.001958002270142367	0.07901732169787828	0.05344532501681451	0.21136243538613736	0.38975615940088115	0.10997212079350166
0.04257349816890693	0.2727181746694626	0.2564561348047776	0.0803108200752097	0.11908263578801656	0.1973457778644291	0.029978843890379775	0.0015341147388175935
0.04056536178465395	0.027957533539454446	0.14974257422424003	0.048728071925160835	0.4663628959668984	0.23771817925883615	0.028793641152563026	1.3174214819303143E-4
0.09888698834237813	0.18290076298571373	0.009465378267328337	0.32423160903376735	0.19490026175665537	0.08570646715265116	0.06336209603284833	0.040546436428657365
0.013193289042166753	0.029996366465250127	0.09543863977785076	0.28360286894420894	0.27078038271005345	0.1963021448210101	0.06565062696575455	0.04503568127370511
0.05948967865240136	0.04992764932254887	0.201345124257874	0.059096410465984295	0.11147471826171107	0.29601224274928517	0.017530828533887183	0.20512334775630783
0.013039354212836918	0.12556113534527735	0.1707088966224163	0.08447905714725416	0.22422136406375576	0.12237550182908459	0.22129976999643813	0.03831492078293661
0.003786054901528807	0.43549717515056785	0.010240672225690431	0.10297701912027615	0.05379302552919231	0.1730411191833227	0.20810059473554982	0.012564339153871715
0.1687661036135915	0.024596719108742615	0.17493829935488847	0.10747920362097368	0.05991858413284243	0.08657187025218165	0.008684184599149325	0.3690450353176301
0.15141757220187876	0.17678842825589508	0.32965611363801756	0.08379498383951045	0.02724040834327726	0.024632625973034963	0.15290868678997419	0.0535611809584115
0.03641528926925268	0.10899596918838864	0.2107770818318828	0.1838282654468187	0.051222740717804305	0.0038052764241719716	0.052258825893185895	0.35269655122849486
0.4793850032707623	0.11080569999453022	0.0060827648444042315	0.040797514981823046	0.040044536731331126	0.019499816511675316	0.0728901744287102	0.23049448923676322
0.05779455261180483	0.05337759015794939	0.021846927492094395	0.005059877054025927	0.3140067778679052	0.07817162729962375	0.2842935914049156	0.18544905611168064
0.16616101103018624	0.27346163424595316	0.00600284017805601	0.16505775674744633	0.053752515744699525	0.2127298759805722	0.0405449961400392	0.08228936993304706
0.10438986951247942	0.11972701584265422	0.11667533299222857	0.05459324052409863	0.059365169438372084	0.09039735745369981	0.05952918986065109	0.3953228243758159
0.21110480102708107	0.130691636801611	0.05733910292843128	0.22655013304275784	0.04579689487569959	0.300309443938239	0.014837076804759472	0.013370910581420509
0.028346030941835076	0.02510750495777976	0.2716469197441084	0.006283759286303883	0.09105904817799143	0.11528283358051135	0.16722064267660192	0.29505326063486803
0.0013973412637581645	0.011292998855206099	0.08657712450291262	0.41381462948329395	0.02322840994182873	0.12803616621949263	0.02833501889591139	0.3073183108375963
0.018849085171763286	0.04300710080146533	0.1326506045933518	0.0036196968392348816	0.2497682474441309	0.019818597049583775	0.2578897597764451	0.27439690832402475
0.06958979681204436	0.19113493903907952	0.12111405675682105	0.09377803213646277	0.08713068382327752	0.28861401442415097	0.02876140701571847	0.11987706999244516
0.050297426063607875	0.01941855199418105	0.006174513278497551	0.02734505722192601	0.11482162578098253	0.41482747605838965	0.3479688199124431	0.019146529689972047
0.18917809957562592	0.12519114071314913	0.04432201659804322	0.2527098628646343	0.044958450549675344	0.008855644519735528	0.2777691836813555	0.05701560149778091
0.12374357033586064	0.07815529301671585	0.08443587483509771	0.3130534932003628	0.18717545941357072	0.017063488701982973	0.08669787302313346	0.10967494747327566
0.12647242330538352	0.08573820415605118	0.043180257938354866	0.24760576929699435	0.11530026793827812	0.004499176362759649	0.3499891667086724	0.02721473429350571
0.04703340051883906	0.0586787365575351	3.077800207220843E-4	0.2660350034521233	0.1079699091964856	0.11074505869997095	0.1226038424808451	0.28662626907347866
0.2748099896868566	0.04330645812587469	0.14871463486734995	0.39852712894898723	0.029506637700641727	0.013726106501880678	0.09029848974901582	0.0011105544193929923
