0.12435776672623922	0.11370387015028857	0.09106137280304502	0.17399187088132487	0.02526166744468117	0.10051394211712597	0.06724596070678322	0.3038635491705117
0.06293702342120902	0.1667239285738626	0.4021376279395994	0.015353643418312385	0.003751742116785514	0.1672891664411396	0.1121862523571666	0.06962061573192474
0.01619402477143697	0.29702696574014165	0.20093437647110524	0.006147106686871226	0.11163107373799583	0.04208201770341484	0.31684321533824034	0.009141219550793833
0.04681696297125508	0.05814425908324508	0.07848496803418924	0.04125566475253602	0.12638403180885777	0.11661778285930764	0.1780548581000184	0.35424147239059056
0.12182297227113319	0.020099709902858115	0.1145754358903533	0.043460516724262085	0.24891332162728577	0.016485019552497787	0.3078330915501383	0.12680993248147127
0.27234811414212146	0.023467192217227095	0.0717613194842027	0.17829781647037538	0.10870571356465981	0.04735861406803721	0.1934105897971563	0.10465064025621981
0.054139987693446606	0.4008993699380822	0.22260641518998003	0.031234776005292897	0.16732755823866502	0.0028108333050449463	4.087894028421829E-4	0.12057227022664599
0.07226414879465493	0.1539542968285222	0.16123188637456892	0.04499702292338678	0.09878685737558049	0.3502090685774445	0.08603376675324811	0.032522952372593825
0.20186459373060356	0.08590989389856397	0.09146175121585116	0.06121018129654149	0.006952162327880498	0.07802673963761977	0.1495182872815324	0.3250563906114069
0.13174430602240805	0.018120438557888877	0.05415038059205465	0.4411951112433624	0.08774416829648331	0.047770412676717014	0.029501884473415174	0.18977329813767033
0.08795657933537426	0.08791191403994988	0.03354457424475195	0.312995030483015	0.15841946026684114	0.2348757494871358	0.042351480253130264	0.041945211889801465
0.104300240833604	0.3049000579448626	0.2360348809111401	0.012943658142203662	0.09942960641466822	0.04800795204004202	0.01033354205040865	0.1840500616630705
0.127355411354124	0.24521525827567206	0.01428567183739006	0.28627258105548814	0.08078882169659485	0.033558798587305455	0.03462522893372545	0.17789822825969973
0.06052687372451086	0.034204685355067835	0.1433021093409988	0.24320920987396355	0.20063056125416795	0.04612376928119352	0.03087340019251937	0.2411293909775779
0.03654813986576838	0.09117509240621073	0.15674632280716067	0.05716997366281883	0.17415904740624827	0.22409795479117137	0.06161030665533	0.19849316240529155
0.05337668082163967	0.028461953308337035	0.21147589938903819	0.1008192089583862	0.11485487508238099	0.05478256312568858	0.34423825770480143	0.09199056160972767
0.04387953167732636	0.28594390496640043	0.05742997826930424	0.08323240797819828	0.24524736062433994	0.02819297596421498	0.1349810336388218	0.12109280688139387
0.3170522650036517	0.05171343291043244	0.14202995528691795	0.03212986338081861	0.11978526002836287	0.02935724192698301	0.25005227349951953	0.05787970796331367
0.3055785429860537	0.08822014502127484	0.0747438484763066	0.042119713645713985	0.012307604112494375	0.4040312798137752	0.04913843679074348	0.023860429153637563
0.10322813666891276	0.12633562881485164	0.28567206451762905	0.05082575229683435	0.1298979619468041	0.03751016156513122	0.06198878406704168	0.20454151012279503
0.0031757485776161276	0.10365974328824827	0.15338367953006618	0.5543807382627238	0.1463191617525651	0.007047327695168526	0.00414813540570573	0.02788546548790602
0.052914149796847	0.0655687934645253	0.1682249547010723	0.013863803407008546	0.0723189430629494	0.24633042757319473	0.3803936740000914	3.852539943112604E-4
0.21786218255235065	0.18857366632471279	0.03466712379689571	0.0476843669893702	0.007201193418567398	0.05464130091185243	0.43505483557243363	0.014315330433816928
0.040406012495715404	0.011289168572728853	0.38945650850135116	0.2300428670054931	0.16110244671966667	0.09079963502110217	0.008863295339916491	0.06804006634402596
0.7087562823881742	3.226683393214025E-4	0.12214310761433146	0.004845412322870529	0.05549008061986921	0.01906285964061663	0.0812965406730012	0.008083048401814896
0.16044108270232516	0.301586195754681	0.15273652746214095	0.08592771785290276	0.10028448232409345	0.015575876108830045	0.14362270660386087	0.03982541119116553
0.03595955039424445	0.1611455145200467	0.2170563712482962	0.05771551927913081	0.07625324841810174	0.0766474483575859	0.33994326034998135	0.03527908743261268
0.1581140226311839	0.1928304034212064	0.01723201433847399	0.008938904088421226	0.08184667956617764	0.33272573543762873	0.013117919966833494	0.1951943205500744
0.05174383042626582	0.06027036594964558	0.0381371826268313	0.06878686940925234	0.03979401305793899	0.21468292211167583	0.15956824969486594	0.367016566723524
0.16434603349637922	0.1494126551265505	0.21795446697821017	0.11114800066587853	0.0678465217954472	0.10899318834563354	0.025330819267594437	0.1549683143243062
0.2203407851618114	0.027409962115044165	0.14233281764436378	0.07964959628429033	0.24404144023343413	0.06647397971967006	0.10245570474720703	0.11729571409417887
0.05813693195030267	0.00604588190190708	0.27222859117632225	0.25398452697774904	0.058164879393503566	0.03525588891677167	0.23718707293999786	0.0789962267434457
0.2880112551966968	0.010990973848736901	0.030207115973827414	0.08005706826965706	0.025888235370499224	0.11586775906639263	0.24539192623468742	0.2035856660395023
0.11580512711255928	0.03266736756104738	0.23609186526202142	0.10733473620161746	0.2669765558544239	0.06061569426803834	0.11475139236788913	0.06575726137240295
0.009304497741197876	0.011982144912967285	0.27220989130790996	0.22812417262897605	0.05936538394383123	0.3022256441633341	0.05819388749901655	0.058594377802766745
0.0825760341787588	0.05788265958767007	0.17634448852193374	0.17466149935374084	0.20566823018946032	0.14402277754232562	0.037694287689066394	0.12115002293704404
0.05132369387907866	0.33623423651130335	0.06633259012641383	0.06615513705408471	0.19783996305791396	0.07801502522331616	0.12652649372821262	0.07757286041967651
0.25604964138115105	0.10255298176494997	0.1944672990069042	0.18822159462902044	0.06917090073993695	0.011826305219671707	0.09578746483444285	0.08192381242392259
0.1807036848508599	0.1390613647617371	0.06458460286291509	0.2520305168032698	0.14531313897964093	0.021918182135242312	0.1323517964627777	0.0640367131435569
0.00920412594167995	0.011364174137693847	0.036219349361756886	0.29102608206612446	0.0052602149610612575	0.5056033176467866	0.06729887076159183	0.07402386512330492
0.31906245605637296	0.21721420325703977	0.11703699649584784	0.011683405947500863	0.019072266342513813	0.12303232002619817	0.006968515326742433	0.18592983654778383
0.3224539561848767	0.3564577011422043	0.01054765008238076	0.009395791406948878	0.08669310742482586	0.017683008138120723	0.04866526752226602	0.14810351809837635
0.007924649106461873	0.15806367292997134	0.08955966441754643	0.3374362186288796	0.0764027169860469	0.13289400031260645	0.06390139125982952	0.13381768635865765
0.013715656272633422	0.07807090478437176	0.08371377049108311	0.14567498171729915	0.2979736709072973	0.164916585684472	0.09170254521892052	0.12423188492392254
0.10719235938271462	0.06628137264301238	0.25903530980209094	0.10319117500597946	0.07583790750564785	0.09705589764539457	0.15756233529056557	0.13384364272459437
0.3481826475083112	0.041449998174655917	0.1895252618915361	0.06700409335933942	0.0076977975874302496	0.08244199807698051	0.020363101740347583	0.24333510166139874
0.1110722071642237	0.10895571221954321	0.1252756403999241	0.06599568434085509	0.1758021266194173	0.07793327022902774	0.2724501652373647	0.06251519378964392
0.03714195208839481	0.06091036404224563	0.09784730427241564	0.009871359391052215	0.07368212138921551	0.36522154394624845	0.06696927576566072	0.28835607910476685
0.004124904406039784	0.042656397539207566	4.40021468189028E-4	0.3536342758570682	0.18347786263270338	0.30666362936369035	0.06486986159493868	0.04413304713816288
0.024344316171692193	0.1152126577511884	0.07617159805292308	0.06593645120047982	0.23467819809700846	0.0896086427959855	0.19955257040850904	0.19449556552221334
0.03901425628328126	0.0433259841694863	0.29823290525152224	0.012943762285408097	0.03304655601475158	0.058470724651903824	0.4105485080293326	0.10441730331431386
0.2551759800270919	0.01860565670596434	0.3863178857226359	0.024190567575534852	0.10903078582317159	0.10556290105652705	0.0658091192690107	0.035307103820063426
0.2800673467827536	0.12912401800010628	0.09697703197099923	0.3567216502794183	0.026662266410125396	0.02751590622299925	0.07974892226951658	0.0031828580640810983
0.07315274805216175	0.2783886964661331	0.28926756671008413	0.039873367984044145	0.1318462470590725	0.04397013791641771	0.11382262767253605	0.02967860813955031
0.22858568034481602	0.008884602173311343	0.10007652034573739	0.1292259820087829	0.049592857837607904	0.15009256500771365	0.22871921960662916	0.10482257267540135
0.016872419840883265	0.12533646864546688	0.14106425840072143	0.04039712939959744	0.06293007900201461	0.5551211671262987	0.026107794769884757	0.03217068281513279
0.10844195370939898	0.0706144475494053	0.03635317976655	0.19475340912150163	0.2291774929525937	0.25926365783799876	2.793669074439009E-4	0.10111649215510748
0.12527162747507412	0.04858236367430088	0.0033288820868165037	0.5574544316500344	0.03172778078727154	0.01824367190918416	0.0027792343444874856	0.2126120080728307
0.09551285171496875	0.10440884120487755	0.4603224209806681	0.0408093157564121	0.01107224427784019	0.011666221498369822	0.21485605618382594	0.061352048383037344
0.00148854969168645	0.16830482566419652	0.15180296111645886	0.3032782046350303	0.003612972924504118	0.015212064685168392	0.1719785298453165	0.18432189143763872
0.10117609425729779	0.04931629919168737	0.04084408520587185	0.2093443280838111	0.15320018543013245	0.2448918213223532	0.160642744435639	0.04058444207320701
0.016243631231558905	0.0884134713067872	0.15617760664025418	0.4652392130497157	0.1011665750300498	0.14798601393820005	0.004498995288293672	0.020274493515140324
0.18682408456356328	0.33053178940454764	0.07554997748052202	0.11229022434700998	0.023152544198071834	0.005092064761270693	0.06707255256883538	0.199486762676179
0.13620754127147294	0.19383642309311377	0.15857749033021468	0.02986863772120124	0.10794772772707519	0.06682297244600932	0.24104117101640865	0.06569803639450401
0.13998362740873999	0.39401853987694224	0.11351655387070023	0.06529356472433569	0.003863330256919442	0.013080053908225364	0.12348777766933122	0.1467565522848056
0.02201090594279345	0.0909992764676589	0.024932614566412187	0.2695286154438712	0.1806141806001722	0.13399663661079256	0.033916596733101975	0.24400117363519733
0.04123355689969459	0.14466742077345193	0.3155610034483336	0.14089277772750813	0.06626851796583619	0.053992517568719076	0.06863543707423586	0.1687487685422204
0.03940426251488345	0.16017856327322616	0.1522291852199806	0.28363190414869754	0.07546378916726557	0.06064873424509806	0.07078652473405232	0.15765703669679604
0.0373616073204871	0.009501753325054818	0.15303904457385448	0.07618384021284683	0.13032168632963503	0.21245481099417235	0.37645782035440656	0.004679436889542671
0.263241392473747	0.19641584689775632	0.03991763029568153	0.022175462091851103	0.1507220052772664	0.021839859373819298	0.03287158863762012	0.27281621495225794
0.06736408107079318	0.19930074474009699	0.1625324630984269	0.33460516641468724	0.029892067715569626	0.15050422948310013	0.03194816927847252	0.023853078198853128
0.015568278576959624	0.17090347680118695	0.16816396917449408	0.06374694105160662	0.10911370289881564	0.40725191875409694	0.030264536957044452	0.03498717578579552
0.02767993636620078	0.06974514236563671	0.24854009901076085	0.025638967549788783	0.025946894178280264	0.1209966851757311	0.28620848457399306	0.19524379077960827
0.0024935271780048007	0.05408361459039722	0.1891340067889197	0.1063749801576552	0.3416320023233246	0.04632177757718768	0.17714816371231581	0.08281192767219481
0.03227195577020585	0.2618854575865961	8.61726987961664E-4	0.10748038865137191	0.07674047282051015	0.10671090371319181	0.2962554465610645	0.11779364790909785
0.10043123152002885	0.006564306179963855	0.2364893132900529	0.052258969273708045	0.1914334897784635	0.009927243360114996	0.187091467261859	0.21580397933580864
0.17451601542734557	0.0028657334405755575	0.02282693061985111	0.36800266467456455	0.11954681713035091	0.10615949262174944	0.17897416359838686	0.02710818248717585
0.10116650368049991	0.13218419261685027	0.08593495209063312	0.11561717055595636	0.30852496605725876	0.18073920338338414	0.03822239147297801	0.037610620142439155
0.07953708465889636	0.09445695519101388	0.28471590051208673	0.023867773982452656	0.1431971670233409	0.024654856400171538	0.12664816335269485	0.2229220988793429
0.03611184710809781	0.14377693164739133	0.035142603935657504	0.10472787264621795	0.23830260996289448	0.339603671425895	0.0010127721767581588	0.10132169109708754
0.14611558313603032	0.0028378056003977026	0.0781934887983953	0.07092995554979746	0.47707941557582134	0.002511380663104107	0.07889943120070758	0.14343293947574598
0.04804355681747727	0.1319373642188361	0.028741063596043698	0.18785529555777541	0.30107176757216836	0.11885479070593144	0.14325375753309355	0.04024240399867399
0.013263004356509567	0.16861251332721025	0.022418628049124867	0.1267017512990679	0.09498229510541732	0.3365412014337314	0.21382206301724027	0.02365854341169829
0.13755996089007025	0.11984791467533801	0.025328841746250913	0.18111691540120245	0.04443951920727854	0.018082799173812086	0.1005341712129763	0.3730898776930712
0.06844780634021447	0.0020187011716992914	0.01473671743328235	0.10254004258475657	0.12285929087338715	0.281489824584037	0.30810991320046494	0.09979770381215797
0.019801091661923592	0.07260122221679893	0.12270176470773772	0.0833426569429051	0.037650942838942936	0.14368670104152925	0.052076288436109494	0.4681393321540528
0.13336438610786888	0.26381610209936524	0.15383939568614602	0.02763431916217933	0.06806234476874307	0.08399865425919531	0.10753214824947757	0.16175264966702438
0.006380128404940136	0.32708208393756444	0.03186626278967919	0.008698375860860391	0.19824812344901888	0.039069780017547046	0.20094638982213386	0.18770885571825582
0.46071195118604924	0.017600483709262316	0.08847422390842799	0.12097977481172681	0.01543517856562232	0.01985707471613951	0.05903005699221919	0.21791125611055237
0.16245805930165386	0.22420758732553167	0.09195104613733383	0.016064244573639197	0.022793399854774937	0.09294057402056173	0.14663588811534156	0.24294920067116305
0.08839846849766891	0.06674341517277692	0.004905865454780833	0.3140317441923754	0.06927829620925802	0.04675744144955171	0.041230661467696855	0.3686541075558911
0.014745575087112842	0.10463761954667046	0.028727372038342774	0.0157827321906302	0.6884095090363589	0.0418597850699193	0.021124807829104336	0.084712599201861
0.2428995859880969	0.18467194121001823	0.19707916572537187	0.25293679054302587	0.007614090026563422	7.303123147068963E-4	0.09349335176859633	0.020574762423620246
0.10017416821124116	0.0889851831778113	0.017024792765841568	0.1938305879128358	0.13284312078420757	0.06348597102146708	0.16632789223669853	0.23732828388989674
0.056272476041795166	0.03707911954512111	0.10889869838953506	0.08986091836389876	0.003086240103719426	0.025740361387101562	0.009622221134999234	0.6694399650338295
0.04178836864291485	0.1856667198759239	0.014700529056070166	0.03307786753049774	0.22263855480312125	0.11026922676835518	0.31306867238585195	0.07879006093726476
0.04193379373507197	0.08249914507695658	0.13426802603929996	0.07305442775121455	0.16241094866449426	0.18069737174895262	0.32047225944469926	0.0046640275393106945
0.14122112465074993	0.11099504453181838	0.010508568048834974	0.10739851669578572	0.20165104128577538	0.18768604806859993	0.04142342265880075	0.19911623405963474
0.25662173752601813	0.015246650147211757	0.005272489146685766	0.005987339367999389	0.47168106291817413	0.17760834959840005	0.021283450559250627	0.04629892073625988
0.06086724800062321	0.03779217145149501	0.1691903897268095	0.1451589667819822	0.19871883275711566	0.09330057837035913	0.06836731011981638	0.22660450279179872
0.036114739624301534	0.2472743881279969	0.23998161114943756	0.017592425197690595	0.19077626051326207	0.013511485288613304	0.23877279608078328	0.015976294017914575
0.08108293025943279	0.0290952395558228	0.21917054677321338	0.062021491729174094	0.06295919866727301	0.10173735170658696	0.21538826163271133	0.22854497967578546
0.16387555192088915	0.0265271741973251	0.2697179826533149	0.03642598831502929	0.34967427796476414	0.012467714598689728	0.02313271911624279	0.11817859123374459
0.1361431782534365	0.04917320315012537	0.33662953361009196	0.06360160342768634	0.11003923812819445	0.07783915763930042	0.08883599151575539	0.1377380942754093
0.14134771356111897	0.014529787997800983	0.02907396736254582	0.2228812179489562	0.3218773121566823	0.15513063406587618	0.008909161337200017	0.10625020556981926
0.050039337662467515	0.14307911185809755	0.10943158673072037	0.17502617111631835	0.052009777989860895	0.18689950502718888	0.004026301230085849	0.2794882083852604
0.17777294762432488	0.2761927833993889	0.04483306552023722	0.041166628792074555	0.3466909022909028	0.00320666202108473	0.1080067715302385	0.002130238821748065
0.2426363337145822	0.10792623744517932	0.1052440534947904	0.009005742910757675	0.05422266330992588	0.22092385896635536	0.11349214737371248	0.14654896278469648
0.18147266982954055	0.2697985730337117	0.23734317717549303	0.025618339531680287	0.046713269183798686	0.010726510248173851	0.024236512294130777	0.2040909487034709
0.038000430945470384	0.0687700526319508	0.20829523930685906	0.12983454235872163	0.11450339837483756	0.06551496894387616	0.07052819814056605	0.3045531692977182
0.17272109586878215	0.10111612339352996	0.4209675604921017	0.10446399141981827	0.05053290310648076	0.0037860946770592874	0.03511817564696691	0.11129405539526062
0.18605168882852718	0.10450891654590054	0.020861148011268774	0.1963584741135353	0.09506412222121322	0.10835844887483838	0.06962485017381406	0.21917235123090234
0.16367628112477173	0.28136425877359433	0.19954687134532356	0.22360430395086328	8.274313548355949E-4	0.0033693598158317933	0.0178939269993129	0.1097175666354666
0.007874748460565684	0.06573342504599385	0.0039629240263772125	0.04892387582930899	0.2256885872493571	0.3467792417109586	0.12085353562863672	0.18018366204880165
0.07908492724933369	0.04302742806047949	0.012612452379966221	0.04648670075005239	0.11296710387863468	0.46231899721473424	0.03985514880142717	0.20364724166537188
0.1486294027616798	0.06881827666447275	0.017588649491493358	0.20835462838382637	0.08791124649097568	0.1627113753011485	0.057700097066288994	0.24828632384011431
0.015332694181432141	0.10692310852516149	0.05560319868509124	0.3486752527133944	0.01615246782829527	0.04936709900191434	0.14818811622494893	0.259758062839762
0.17269849886343808	0.07602178393683545	0.015189040640521609	0.039019482957155724	0.051214771468282	0.3370071002655065	0.27407455780073464	0.03477476406752569
0.10767112026093345	0.040417195718625204	0.05619203966468783	0.07449062853963795	0.12145063965938178	0.08914109433244498	0.16110579029724362	0.349531491527045
0.056740023772515344	0.01207296743692643	0.21044746940704417	0.03552505369902771	0.2382548936373599	0.037627233813895794	0.36694578501475056	0.0423865732184799
0.0752260053773049	0.0699931449342353	0.23526373831027142	0.1338936572148041	0.0031231436769914994	0.10581340908495421	0.13144485177012186	0.24524204963131652
0.05289473218064025	0.08463935603303868	0.05654558093347624	0.24893130393689672	0.027327850135451068	0.3536159030540882	0.1251745499095384	0.05087072381687027
0.00808364482554974	0.06590957486649544	0.08163398947509366	0.04827273897522906	0.02731767089651009	0.13312441340767106	0.21563010200696664	0.4200278655464842
0.24428316481810503	0.06877070658688968	0.21350747358258815	0.05032412263540949	0.21514866306072034	0.01303656654084101	0.04333813613481807	0.151591166640628
0.08678753205462615	0.07911903368321446	0.283179669643107	0.07217782981503346	0.051517744702257506	0.10581714548808523	0.06881803230841846	0.25258301230525754
0.1555265629420706	0.18665844185984293	0.11717746131940095	0.1246288144000666	0.0966512998918175	0.05984215471056464	0.25056236314100755	0.008952901735229044
0.17390523446256845	0.2355413102089646	0.04831007302012938	0.4034752622728035	0.004721281265743643	0.02090669477597576	0.03559870987903495	0.07754143411477947
0.05617642255205918	0.05653971628939353	0.19583020050656735	0.05322175842411596	0.3393691091223434	0.0021063238262193223	0.08192892705716212	0.2148275422221389
0.11365936862783513	0.4410187330104878	0.0663522362310221	0.1561348593069614	0.05422620350057522	0.09004411668040016	0.0553185099555973	0.02324597268712071
0.07050595120168944	0.001748481533802873	0.012006888836601531	0.14537429056780313	0.1130684077274638	0.1803162272764241	0.05482275408629056	0.4221569987699244
0.12135088045439267	0.2360520942311171	0.02523617782991927	0.1234049451026852	0.08940298308210888	0.14513261745526138	0.020725155126520955	0.23869514671799436
0.023568283156172	0.008296728913493381	0.026550824160205405	0.07890671224311188	0.1082232711524732	0.4148581149045826	0.1777240080835039	0.16187205738645746
0.13476275826803888	0.08873511387173773	0.38661026038130053	0.023624798720270013	0.055204427661933675	0.017700740423007844	0.2610039430020936	0.03235795767161745
0.0599277440159518	0.02131481948537073	0.05000761793334679	0.11537555959158607	0.1699695990022949	0.18221828673586254	0.39480078201039404	0.006385591225192944
0.04924812279850713	0.1658082668402967	0.04034318126682482	0.4699922521563086	0.1841956786132296	0.006199987021897946	0.03961221017847125	0.04460030112446378
0.3170544115443833	0.026241513059325802	0.152617263338424	0.15222367092268804	0.16242278764867302	0.13638800930423253	0.023907482499129162	0.02914486168314387
0.1856527739260483	0.032719318929109856	0.2474338191807982	0.04782828419344855	0.046878581669574995	0.10912088626854963	0.11768753590385864	0.21267879992861163
0.23483306137708737	0.025518522202263	0.04633181659611013	0.061737994750081515	0.32317577862326613	0.2952419544955713	0.011263274849364596	0.0018975971062557967
0.19234362341040975	0.09596228011455088	0.06280381028594245	0.14510076118397566	0.04873791471057175	0.14099325890594686	0.18727264168316693	0.12678570970543543
0.11054725553933392	0.09858315213703084	0.0901907871508785	0.17857567067726637	0.024345663370833714	0.23106838150578712	0.17072542185854778	0.09596366776032156
0.05314068871431907	3.845937936759747E-5	0.49252597365402184	0.02196497928355709	0.11961459207967962	0.017680519323667945	0.12616816232850966	0.16886662523687704
0.016296230995119412	0.18604478500747446	0.07486910587654952	0.2313918173262009	0.18737032687766653	0.014414381993847716	0.24008759834738552	0.04952575357575577
0.5637090833888461	9.628280423943647E-4	0.03877921701354167	0.03961866642532402	0.048392553507202535	3.211338368104555E-4	0.05726951415138469	0.25094700363449585
0.13376546659151223	0.03585815046620158	0.2652362831090913	0.12956081941904748	0.07695225320783314	0.07919138334375736	0.08353969035841238	0.19589595350414424
0.21328575038083525	0.01986133544214551	0.12382282299769257	0.09544029881797747	0.0743550887834406	0.17753437249605425	0.05765584121856322	0.2380444898632909
0.044102275897607096	0.16872499389719575	0.1385039047111172	0.05506673634305821	0.19718849472056552	0.0056357688113675974	0.2173340250855081	0.17344380053358033
0.0064941981331241155	0.07673484967306181	0.02508264255612301	0.21430323043991112	0.22795106221461986	0.10160473264061473	0.3455079643552742	0.0023213199872709894
0.0031517281544369558	0.04024899480171644	0.047108824226306065	0.2136132251981425	0.14318723022517793	0.1504175044111474	0.33274292830043156	0.06952956468264095
0.15691140942908607	0.15239952519394054	0.1121960884218148	0.301743854368107	0.030324445233891426	0.01696483503421048	0.18201914120777438	0.047440701111175
0.22467145786749662	0.12373436352538736	0.21435835866745107	0.08206729923262376	0.014431637769028463	0.2269383909965083	0.08424098669578906	0.029557505245715154
0.06153818444962211	0.15689037711887865	0.12395944616856888	0.11897457703262716	0.0612351884273965	0.1621115157163825	0.2704712806084941	0.044819430478029845
0.05676170613510466	0.20446589895755912	0.02417808200449735	0.004214735368708103	0.08323397880652994	0.16516034625924197	0.316023960804239	0.14596129166411964
0.11894481864339768	0.08615212575402323	0.015611556361182388	0.18690029947623238	0.17047188175791783	0.038657813176790595	0.25240110432637164	0.13086040050408404
0.0065484554086138735	0.15728442060226758	0.27356864156286154	0.17265349392866583	0.025463687571586555	0.016280998823202664	0.10507770067912536	0.24312260142367645
0.10221360215779758	0.2230536246625991	0.16335969717651969	0.039468513669187605	0.18517364769840028	0.09522379323717714	0.12886458361955572	0.06264253777876275
0.01786930055829905	0.09829740510183518	0.027803834134462427	0.2633955032608257	0.24420960285865478	0.011787878156739415	0.25655464987928356	0.08008182604989966
0.021846271160495756	0.24599706621651513	0.1743630053315244	0.14192661144508323	0.06896175210499653	0.28159127512534754	0.0642175440552187	0.0010964745608185722
0.08655545014651671	0.10815861845316213	0.031161607114103304	0.28636783312699654	0.22186218775880087	0.016149314944665788	0.16317618206439422	0.08656880639136025
0.03506887059952138	0.1122519296332983	0.038244793586096684	0.21245794294978376	0.026392139063148606	0.08141180894607278	0.4778853565715636	0.016287158650514652
0.1320129776740086	0.1151321712559637	0.22007732673268846	0.11010028879278552	0.1537229395796876	0.09885310130329837	0.11909121953516842	0.0510099751263991
0.1554527516173527	0.1143306333011472	0.003172563190795924	0.3331164449980518	0.19216096691397364	0.14322416759411033	0.05600366388689659	0.0025388084976715602
0.13328398596752292	0.05957988859288635	0.012683221785388735	0.17696576834372435	0.017846137017474326	0.034113501966787654	0.2041018076948869	0.36142568863132857
0.19611103724243073	0.011346809983296804	0.07162992145998517	0.48715232777558115	0.13725344886940447	0.015202279372128091	0.0690197376573096	0.012284437639863685
0.2418704852222455	0.28766674535752235	0.10544518300414789	0.03432293027792302	0.21608315332260317	0.008582783655624024	0.08049191936338251	0.025536799796551324
0.02727046607246511	0.1726233582258102	0.02553404025434579	0.0604070016960655	0.08435528537121985	0.39191560582196383	0.18849290653656894	0.04940133602156062
0.2303443521183879	0.14489776556946993	0.38853153337924284	0.02899218295516723	0.07683788965718517	0.008717462330767464	0.068562787628482	0.053116026361297225
0.16278071390103283	0.00988912441863822	0.03769838346083493	0.012957037822453887	0.0056431136117019165	0.10311664883259111	0.6003083147004469	0.06760666325229997
0.15322652613663282	0.03705143905744025	0.2021406540334823	0.04630155542054877	0.14736846827312616	0.36299432436834955	0.013189246170318969	0.03772778654010091
0.1819329452400023	0.018638210866895974	0.02767539921313568	0.20280161960267296	0.026803326038513042	0.17687355289226542	0.26424209382944674	0.10103285231706768
0.15172317707354768	0.20628205898929208	0.05469763493948154	0.1588834703672545	0.025228303630375315	0.06907641819646634	0.21065052320932723	0.12345841359425504
0.06252104393094718	0.11680736652825632	0.07740172440532629	0.1906140288666694	0.07983252447511507	0.04607850976447457	0.35381688224600016	0.07292791978321082
0.03066387296476833	0.007610972345986233	0.20292267464649671	0.09780359558175794	0.15057010835614054	0.1488434796942178	0.00346393431598703	0.3581213620946452
0.058906338093690336	0.21708499784133412	0.07708340796584826	0.33613834521784675	0.03547955409275273	0.10981370699001188	0.12317234555061596	0.04232130424789979
0.009647653335781298	0.10139058324327055	0.15721215551607937	0.04584634232449966	0.03380692245739422	0.49470373656919664	0.0510427171197442	0.10634988943403383
0.06188480079838041	0.09319390956986146	0.092832349158354	0.0617126097640564	0.36675885114320694	0.06822093329643059	0.1392359587967997	0.11616058747291028
0.04133618179565757	0.20138169603319622	0.006378462134015175	0.03962901750360004	0.15938921192251929	0.3114977168192313	0.15753638268371625	0.08285133110806396
0.03492890309236138	0.00733628770034131	0.18779635148224424	0.23704195941300288	0.11891993695009413	0.09819720620147715	0.0853163598188086	0.23046299534167017
0.14278470090904383	0.02003962829734275	0.06319492207717148	0.10563553054981457	0.10411662755733235	0.32435914096514445	0.04296325324588306	0.19690619639826726
0.3741818121497793	9.567427129115319E-4	0.014198581890269027	0.050340484900478044	0.01987466318832347	0.48349126799260655	0.012370100350305432	0.04458634681532632
0.0065728710570479715	0.23184372279550525	0.3216016057070036	0.024107946676854772	0.031827079229935024	0.07572595818957933	0.17709616712136278	0.13122464922271104
0.004140956164744608	0.0512357692099593	0.04031222392231838	0.05917387239034175	0.05728100437753461	0.19850136291956372	0.39068529881900993	0.19866951219652756
0.14985462701793167	0.0437749571248095	0.03747719531325733	0.2900461390911975	0.012456424824235812	0.017941359887643685	0.2799858632285755	0.1684634335123488
0.3487836913422767	0.11558505845354285	0.21859652522006306	0.03601306064756886	2.006594502560466E-4	0.21061959109038264	0.00576494498294014	0.06443646881296937
0.11209863503587288	0.19976270443190047	0.15223075826765792	0.15890380318446354	0.11367898298794644	0.06908454727727767	0.05893517713744374	0.13530539167743713
0.19215134547046264	0.14669571513911062	0.044825858353616535	0.0026617687689080016	0.15716767377753957	0.03811203308947558	0.28183446855119143	0.1365511368496953
0.08645173893022419	0.18534989541558414	0.17047496545036425	0.10428852327946903	0.11085932026086204	0.1764114368862982	0.1400588781416435	0.026105241635554458
0.10102622964342774	0.10317374614328503	0.16875725665688598	0.013593345355834147	0.17650016211545005	0.35960651040958924	0.03404498674309411	0.04329776293243348
0.12048235013016072	0.2836413391999226	0.017560397402873018	0.1144021237109698	0.1454041378549392	0.03672272577666719	0.16028664532553616	0.12150028059893102
0.3597128113875888	0.02477986022345191	0.005688228910940951	0.21346270360742392	0.12541379385325277	0.11606593927753203	0.12881954929948933	0.02605711344032005
0.40163842376757264	0.005147789044587181	0.19524213143186375	0.001590935888537065	0.1893805397250991	0.030999311461061788	0.12453339491780423	0.051467473763474006
0.29791847190635645	0.14175434761301856	0.04081480707011893	0.2452730711808322	0.11017740907501623	0.02179500113900945	0.023988823830161154	0.11827806818548672
0.16110827312710313	0.0168701171631518	0.13658934013637103	0.14610335847609562	0.3449651818850912	0.06894631158367351	0.002239016099335675	0.12317840152917783
0.034856355947504775	0.039424901736304085	0.2119576640272135	0.06410433353262447	0.003940672042757928	0.10117732727798562	0.46993833828272047	0.07460040715288901
0.07583656260405235	0.04740380224230349	0.030690238303254402	0.09076820213136624	0.04320497349550839	5.179367271022778E-4	0.2296119866750505	0.48196629782136213
0.2565380375103488	0.04183014700551209	0.3258186819114435	0.02434731779500242	0.004774568797297582	0.044479040273494266	0.09768563939346551	0.20452656731343555
0.23744967495951594	0.1279983309144774	0.006336104761236708	0.093315938060549	0.03522412865828618	0.08921259113704288	0.319557301076671	0.09090593043222063
0.027531414123051517	0.12287596612571504	0.04067934349786073	0.03285760235649124	0.29353301793183023	0.24502813625705228	0.06598675322797334	0.17150776648002541
0.06141641941334694	0.05943802813974536	0.35566629385470927	0.05066833721081049	0.1373461670514301	0.018276382248797268	0.10467530677603504	0.21251306530512537
0.06596545445815682	0.1777009777604354	0.026830984659245896	0.041821414132705806	0.28799901977678966	0.22876918543132177	0.026115656958780403	0.14479730682256406
0.009166799094412592	0.004288153825868751	0.008361408747105531	0.0771071038002982	0.35760780455574215	0.1520248163868259	0.38075629810085965	0.010687615488886984
0.09227528592071146	0.09308882657997371	0.07586603152812584	0.18783607773611527	0.06657721164657415	0.07075204433726154	0.2844656590243607	0.1291388632268771
0.07346023416164371	0.5194210123064296	0.06345923516605356	0.07771731293794844	0.03579834050399858	0.08446612045245452	0.13724121537352071	0.008436529097950854
0.08683313780524368	0.052909995862974624	0.4392914509441058	0.06292361771742289	0.13148776014787525	0.012940963644650263	0.04553688494707864	0.16807618893064857
0.03106455567728346	0.04292408676168545	0.3170771404038484	0.008816506849693526	0.3770610290922132	0.0312957224194524	0.1245228541644751	0.0672381046313483
0.0510727659092039	0.011334140161328748	0.36389396544155234	0.06215739769933648	0.0455511674706047	0.17900708168624307	0.1282820944917633	0.15870138713996723
0.0900418357064244	0.03928193349994703	0.49721641793438365	0.09080684238251037	0.04718122123893978	0.021989275445774115	0.1771127865699335	0.03636968722208675
0.12684831200540123	0.029710745786357268	0.0313126115011875	0.0033208930840427225	0.2614490759315914	0.07874250892001813	0.22259359269085882	0.24602226008054273
0.08686659886361335	0.13626721057324137	0.016464719545959988	0.05078045657931746	0.1270270861471901	0.033574150668559816	0.1848288403505548	0.36419093727156293
0.018925109968281437	0.19258250236985625	0.1813165341108282	0.20422019794984275	0.10874445216686551	0.054738144859882	0.12414550245733204	0.11532755611711161
0.22200141183488736	0.019249709663742995	0.032694632894869805	0.13251900657202959	0.21504331673953092	0.039540105888512644	0.33365805637904294	0.0052937600273835345
0.1640961720299932	0.02979357018801959	0.2639218734588958	0.010500785491246403	0.2900380711259564	0.034033388236731146	0.06291093318440052	0.14470520628475675
0.16015502219546301	0.29303857793800797	0.05757406851804235	0.05226674863460476	0.04408176457706725	0.1708515259408832	0.04357404158286554	0.17845825061306567
0.018043116357932154	0.012520302792191434	0.02875952017075445	0.04993357303808882	0.0884414242705314	0.286274511251436	0.434697517711762	0.08133003440730353
0.012483700876756182	0.34651702879582924	0.011638156862123022	0.2350993715213896	0.013603538346761812	0.27485662651141773	0.06520632856419806	0.04059524852152413
0.03122283351337332	0.2801041415360798	0.027414781391765897	0.06207028271143625	0.22853795618232314	0.05255784618992772	0.010753311512763333	0.30733884696233027
0.1960455641647449	0.019523569751416295	0.1470619542700639	0.15781061913175626	0.24039473855144144	0.004930033353764324	0.19709374624055065	0.03713977453626201
0.11381804845527607	0.3895858755035754	0.12506257816734018	0.08568233128702765	0.05130899768073778	0.04319079298812502	0.12828455345758769	0.06306682246033005
0.019091301499672766	0.029906931630830996	0.4775573329221988	0.18416564024350535	0.08503718049689295	0.027898173828522776	0.09918345979065635	0.07715997958771979
0.23825781816603092	0.16618926790023786	0.02164156413669184	0.21722482470953336	0.08445765454333981	0.06256571886786932	0.015732398448741594	0.19393075322755501
0.14604715192281426	0.06079648251774104	0.250953054760755	0.1266317503151163	0.13137840383629215	0.04846077829681607	0.19772316559917943	0.03800921275128544
0.12124380164883217	0.4607289509636584	0.06539450002170266	0.20888813890039865	0.09303208948301861	0.034979694744705137	0.003399965234903879	0.012332859002780333
0.05067894686918811	0.13368747002471015	0.05501668652411569	0.07374713193776011	0.18676826806300795	0.09561200835472186	0.2340450052371459	0.17044448298935
0.33043348003553163	0.2881047907189672	0.08527240180385956	0.1981775799304938	0.01993811908965029	0.03552312066191807	0.023691288909628072	0.01885921884995101
0.346636383818241	0.040500050599537554	0.09427280644821533	0.047956458646939426	0.028426778503648747	0.28754787800512294	0.017837359061808583	0.1368222849164861
0.21214384160659924	0.2041271614628144	0.03193542033574012	0.17810624044427972	0.037712790834201454	0.03087108056802179	0.30076677094041304	0.0043366938079299755
0.0673947464645673	0.11054010333231389	0.19829659798771504	0.15390159821200244	0.2847097696332891	0.008268682902743504	0.021422826238527176	0.1554656752288413
0.22185880703092764	0.014436833000955052	0.02960823636496393	0.3136589779410819	0.0953690533449515	0.09151296640934876	0.19383082621543501	0.03972429969233596
0.2793703589033788	0.05997707424042466	0.06643515621751521	0.2835739806840646	0.08385758494832188	0.13187422026728313	0.09195376401875444	0.002957860720257041
0.21788494336884034	0.09179501990995083	0.21526034422762289	0.03668953062535303	0.19765615011632903	0.11322867173970044	0.01587576885909446	0.11160957115310877
0.0014619120530599689	0.19055993457898984	0.12700369732616912	0.1843970388295174	0.24486347139186576	0.08566353964289397	0.05760070452270123	0.10844970165480253
0.014798261475160585	0.3011260353852773	0.17235574937473702	0.05823085014576258	0.11602465743426464	0.05905329020481978	0.24211888630109102	0.03629226967888692
0.21194777120684938	0.10828793095866837	0.14933435009643553	0.13040614654947552	0.11665074446563566	0.02449701119899786	0.13419103847901717	0.12468500704492026
0.24483691294873755	0.08332669513713944	0.17741255095464714	0.155799356152918	0.16174082311336407	0.05552642776555956	0.005771806932848053	0.1155854269947859
0.09103233507158656	0.13291592204944847	0.099552224883168	0.025117546535858334	0.023426709587234598	0.023542976070951502	0.5494688672102939	0.05494341859145843
0.07221813700908708	0.2247704518626058	0.06507914433606918	0.0361359127136935	0.13166801509964812	0.10624705469404115	0.18283533057987036	0.1810459537049846
0.0609721469199446	0.014817116871090275	0.07537262098328786	0.05273636642713686	0.018766419203521748	0.3678589001855659	0.10173954687050651	0.30773688253894615
0.2360535115305578	0.12271728226381186	0.14591242284732298	0.1963341684937474	0.19563244141209796	0.022507462252535082	0.06421460660689796	0.016628104593028714
0.3496824102833502	0.02164480259849183	0.028952226867623665	0.0028636268039322343	0.2398227135779751	0.08741458252042875	0.007939855251922076	0.26167978209627585
0.05125602931142964	0.48271303526421583	0.018360926043197515	0.05341648775057922	0.12867822422472974	0.09309591878936144	0.06350352613462446	0.10897585248186191
0.0024092517966234628	0.00636170138491729	0.12851465069505866	0.19591897109361978	0.12411003897144149	0.3176614601998138	0.01980323466012497	0.20522069119840042
0.03646824342474614	0.5002930046522599	0.06360867959182637	0.0013591954282549945	0.057044321664956585	0.11366258455347517	0.15273627529861877	0.07482769538586188
0.10982820655116228	0.09962723996677245	0.23952754405699817	0.004526153687255494	0.1622929886948232	0.01720359552653951	0.3265810470258399	0.0404132244906088
0.6209561914979247	0.01494156108912989	0.019894896600553172	0.0030571209271054722	0.16276008876750186	0.04034643583547956	0.08612777620559872	0.05191592907670638
0.030221271997460053	0.21749443421199502	0.06663750400161737	0.0239224322146933	0.09484266191980532	0.08323063714046114	0.3034248720557591	0.18022618645820854
0.12567444188267318	0.2726767170547013	0.08368813523909492	0.007575856267068304	0.02261793074122878	0.035729130580705565	0.3951045740446777	0.05693321418984995
0.04190034852349413	0.025409717153681594	0.16406032798165357	0.00742799131958935	0.17658567371629813	0.0016777580794031244	0.23059302895714884	0.35234515426873114
0.09478249311445501	0.6262229857437691	0.013954071117239703	0.03760579688494317	0.1202012050166094	0.007128494361388543	0.020318974596474693	0.07978597916512026
0.15322989896517536	0.12327304849622227	0.08804326592699363	0.003701967710173351	0.048135714076077515	0.05680702295974033	0.30971898822801835	0.217090093637599
0.2226932392482864	0.29241649014577653	0.15991348867742494	0.026178403599363964	0.029931378879415577	0.1266579568333799	0.02120768086360722	0.12100136175274517
0.1698310452081383	0.07925342151495376	0.02696000613830396	0.05271216563100399	0.08390420373064404	0.023851543546934806	0.13736174043842594	0.42612587379159494
0.2850213338225992	0.0012950445299087232	0.1807631789223576	0.021631229680122502	0.1141440507570728	0.17091153617063026	0.02370689993842451	0.20252672617888412
0.21677132574349736	0.06732279299826079	0.258895538947707	0.07336530911081111	0.14893163691767536	0.1677825044287382	0.005046227269037681	0.061884664584272164
0.04264715448885348	0.37482304410901185	0.07890799827036124	0.013511462766746793	0.10753488139543871	0.03167810470511109	0.2239387661370567	0.12695858812741992
0.0320998646203326	0.060439830458502555	0.06898509754012404	0.09339559105110501	0.1424209513719787	0.1698547949440305	0.1170489306377783	0.3157549393761481
0.03534578449647689	0.29278374309294025	0.12768364922777486	0.02236923874021822	0.057992740460510825	0.06543217377576122	0.29384203399311937	0.10455063621319818
0.11659245079201176	0.01698227813654711	0.09072764497038954	0.170341748976731	0.17841705675213637	0.06496856315698013	0.006930146402264595	0.3550401108129393
0.18133623068660948	0.03479674197915668	0.19015859477221742	0.1117820735672878	0.010634269768233673	0.12118866493330209	0.11856771176556417	0.2315357125276285
0.11217415481445511	0.03128534928112471	0.21533491958556789	0.21637177815917316	0.10059804426119388	0.30416937863348226	0.010225404108141281	0.009840971156861458
0.17895497742375469	0.07844668024322085	0.09159282458085619	0.008718054145327642	0.08211424493736597	0.12681314245743602	0.09338738872025736	0.339972687491781
0.08096283575771751	0.007394572506283628	0.0997675244861207	0.03623958569578124	0.2660840808242642	0.008842629902495056	0.36153158770742944	0.13917718311990795
0.03806772473014043	0.24310837914142208	0.12986453954452606	0.016758088522846534	0.2019122727833141	0.01621208822550939	0.23548790709252596	0.11858899995971532
0.10999389050153455	0.08266758765308052	0.34810012741906105	0.0578594270142791	0.01064469588520875	0.11494228936630191	0.21304463660017037	0.06274734556036357
0.22460417047885464	0.08108047206937438	0.097999320510505	0.24741556226327238	0.06719525015181745	0.0011561343575669514	0.2610982275091306	0.019450862659478388
0.12911140301149535	0.2786782694914942	0.06104501296632554	0.10488207279054382	0.2986031266065322	0.07086838526789296	0.025507695734510852	0.03130403413120478
0.3134265572188275	0.06625825195479215	0.06324776827466268	0.140739836247618	0.06853205581130231	0.18090447371815746	0.048681345727840525	0.11820971104679914
0.15143644248698152	0.09862907712940241	0.004198075088072933	0.06848862367447711	0.17824619160744495	0.11459457346220057	0.3416146363537387	0.04279238019768156
0.18265586344522922	0.12158639352652072	0.15707811733795135	0.08586274325614934	0.09580671546886316	0.09444567336018175	0.22409451657180374	0.038469977033300476
0.43440370881773893	0.15116511781272082	0.06248603105985101	0.015549204091435509	0.1234774193568104	0.10043427326353967	0.03246837425274021	0.0800158713451631
0.2757286436402764	0.1657243328904793	0.10315253664086577	0.10640773227659682	0.02388141236956666	0.06875232270357923	0.1842498727993459	0.07210314667928971
0.2920311285028831	0.02689416576843298	0.024558292787387415	0.018466440339612936	0.23809437844614137	0.1911987583665739	0.00834138900226851	0.20041544678669948
0.012327295279566303	0.04355208476298553	0.34720884855403655	0.012868825055735306	0.4387590985687435	0.05376894282393495	0.06322547883548582	0.028289426119511962
0.3938816562094142	0.0015179512561480507	0.05393313498612827	0.18485642723658763	0.21336334651641614	0.0631778890567912	0.0018476343127174638	0.08742196042579681
0.0019766752774958013	0.11418503681565162	0.09390909770908373	0.03691898660869007	0.4072958559885078	0.21061183451379833	0.05992634781518999	0.07517616527158244
0.2940502108128399	0.02719696471187058	0.04962141103394714	0.20590817351903762	0.19901760627622972	0.03732347952477315	0.17998423395387403	0.006897920167427657
0.00576083848108036	0.13523367979172915	0.16612362396194327	0.0570872796547717	0.08601884535849781	0.11043107548928507	0.16933189570708332	0.2700127615556091
0.09341640334514373	0.14586052413484907	0.07576771470692882	0.010287011521945652	0.2204130541981254	0.0098070147346936	0.37431739035884626	0.07013088699946729
0.2713362379352329	0.05395523334557413	0.13965749936588645	0.10120398349500821	0.05534838163423156	0.16712502818153332	0.1099693870114273	0.10140424903110579
0.0025427966257645374	0.16581793316098353	0.2601862981803442	0.049310298923829946	0.26625028096829795	0.008322857118399918	0.1422031388299775	0.10536639619240219
0.0432858151351526	0.062176282765128474	0.024846291348804533	0.06848087956603191	0.14838398303321973	0.04131542588517059	0.6044534972468351	0.00705782501965696
0.22660890601311937	0.12079107841328322	0.01012846363160827	0.019310799071775936	0.1208251887718428	0.137371324306663	0.25952043303695804	0.10544380675474915
0.03827080198311496	0.13405245942949906	0.3297904751165917	0.07700590630883253	0.2518429471104474	0.11054742275918268	0.0028382891057926046	0.0556516981865388
0.04248260109165175	0.12577594554119426	0.015669848404166548	0.1278790096726711	0.16782351238020374	0.2263331357313316	0.048614725990393085	0.24542122118838772
0.097146455871091	0.1774468793770607	0.013887366991316388	0.25646729893994924	0.1339815551535726	0.20290170442256145	0.08333913572820882	0.03482960351623961
0.1961460104978454	0.2810548934355945	0.1793656344131771	0.023074955726383975	0.052712935137692124	0.07432695702183444	0.10375205572497274	0.08956655804249944
0.12246200763638196	0.06324070584589785	0.291940682691479	0.03413403125435281	0.1692696188989688	0.06257239429323619	0.1729962433863602	0.083384315993323
0.09256143059697805	0.047047517962166455	0.09293679504231356	0.057791767093352375	0.191001382869687	0.2676483255295211	0.14009110782636758	0.1109216730796137
0.26552395405908064	0.05121939673153694	0.055834998038081146	0.1547664528241624	0.04114682589898974	0.28770970741001745	0.10947715828749767	0.03432150675063381
0.04915407878445449	0.08887560622191766	0.0709343022421884	0.15862626306794378	0.07099957294732756	0.1591291095053891	0.048030150998592605	0.3542509162321862
0.0735629569965862	0.17161495866958723	0.3055770584536026	0.035041694442918714	0.28432132780865726	0.07359243285635557	0.035593311316999915	0.020696259455292243
0.07395012960883177	0.11001325531318085	0.41483206647521087	0.1395193620061815	0.1334759149722911	0.005655967484412022	0.024367930917663747	0.09818537322222781
0.07773664251165131	0.03111933708122798	0.1730884138818457	0.18317752344335309	0.22001199993778242	0.1782422906137451	0.022879964179264356	0.11374382835112985
0.16784838838403382	0.042063761171568556	0.06401953453586327	0.166442327555066	0.09224934148772661	0.08070016986679857	0.12973524321583224	0.25694123378311073
0.25178980864442446	0.11423956947884618	0.3325299750710087	0.007370601896882392	0.05477127281556561	0.10651723280409855	0.025829221605713784	0.10695231768346006
0.02893771626151509	0.013909516727809906	0.0040835376054020045	0.19032615925044738	0.018517996704339623	0.11126321230199923	0.6023742329474719	0.030587628201014697
0.10803123686834576	0.044456223936860495	0.39809816041761414	0.01685676525382554	0.08295179519606942	0.11713193507977768	0.012479596829918407	0.2199942864175884
0.3825768634905682	0.05226270669753742	0.21218737524203674	0.004424160141673988	0.09545862165572983	0.04263052910549725	0.13478076113044005	0.07567898253651625
0.12034347704070973	0.2692434540672443	0.09917536930803197	0.004072913497629033	0.08582852541033456	0.09953631602370061	0.13966894047900197	0.1821310041733476
0.3309831320859412	0.18745061128334922	0.014987955146576401	0.15758482041137922	0.02357764063966901	0.07101961624585452	0.08722284664693933	0.1271733775402908
0.11194630112845083	0.15983261819270594	0.0736425604015529	0.24313842725451051	0.03744713441003443	0.18029266453648604	0.18976283035256455	0.003937463723694509
0.2490674180097431	0.24715595430626902	0.06749719833601184	0.020188920920232695	0.00705244847434372	0.3313042708098497	0.07263862130403029	0.0050951678395194655
0.15362365261020483	0.017685699133147395	0.08223185480026883	0.04544169423533481	0.267967189577065	0.08747440477259591	0.0137801883178236	0.3317953165535594
0.030888050337934236	0.1553363800020963	0.27830740660368064	0.08793362328328641	0.16314223096850347	0.024349758696847065	0.17115125637124926	0.08889129373640245
0.059289604898160736	0.15988457023542596	0.13287860645841112	0.21740985100965426	0.010673613138160648	0.10532950704757607	0.21718560243579563	0.09734864477681535
0.11368064543617035	0.043735901756597	0.19319465835507849	0.1409708606553336	0.08157994036138252	0.01667818400207144	0.007209403685381394	0.402950405747985
0.014632547174519506	0.023273234002344587	0.009874416051545695	0.2012183375522674	0.3096570054925192	0.17311870728406814	0.049978161541243266	0.21824759090149207
0.18991964886486856	0.04630647472805208	0.13404269700906804	0.10764933489092264	0.04637762689989336	0.15276935942032782	0.16139742151774827	0.16153743666911896
0.1760196287654346	0.10166868593296077	0.21584076069259947	0.20302328955819923	0.07977004089887015	0.058761192748512076	0.11638101216634084	0.04853538923708266
0.10023906930496446	0.1985605873929005	0.00931269543326177	0.09370338305894513	0.2062740003514774	0.22735139253567802	0.030487787210764325	0.1340710847120083
0.15909642356288384	0.09344762891404848	0.009121464057552306	0.02610910806759234	0.3505360182120545	0.16767250851820734	0.08651516722211623	0.10750168144554474
0.3078582667281902	0.011129609591919457	0.10348412549979094	0.22790802547380618	0.2394779504956272	0.03385647340484267	0.007125705374488006	0.06915984343133509
0.05575717069387204	0.04158526202957631	0.007614407336522883	0.06513209591486258	0.07270922400217028	0.2568913965880514	0.191302761556795	0.30900768187814937
0.05326858226228613	0.28208779523470984	0.20998154350412027	0.1104183324328438	0.07523071326274164	0.06571969639133879	0.09596103122160017	0.10733230569035915
0.1956798923547089	0.023634643303778013	0.3804362401506812	0.1299350761284512	0.015240915621916623	0.20742749947204125	0.01898508445862332	0.028660648509799158
0.005389629766385698	0.23806144978133312	0.2293706869669597	0.05438826480471082	0.06074425446990653	0.21769292675735896	0.16370518273920198	0.03064760471414306
0.14006157112447892	0.18919752337437107	0.10790203658848573	0.03520269951021668	0.02788315895143678	0.017753798266949797	0.0683998698589712	0.41359934232508955
0.004348266537901713	0.2113842655171257	0.34778149283962323	0.035348914150180585	0.047284194135216756	0.15881949295077918	0.14066134369530103	0.054372030173871655
0.20730163848486768	0.1761639511428842	0.25511777213741765	0.051048040366335964	0.11143595266020484	0.04314254294720364	0.13830373702141896	0.017486365239666804
0.22053900436291077	0.06933839366446362	0.006406360015946855	0.04009338946299215	0.15421958134022834	0.08116037974575112	0.07245596007470535	0.35578693133300154
0.10116980358785804	0.10407307081008826	9.353834155848978E-4	0.24570649647358409	0.14436876810591814	0.31462286992766586	0.036056716511948236	0.053066891167352276
0.17960857989571863	0.1667394120010537	0.11200195170342649	0.07342847832670746	0.1112162842597764	0.07601241723309732	0.009493991759593493	0.27149888482062623
0.06324823958668543	0.07091950665111338	0.018423146261465267	0.07110399918579158	0.0326838624803491	0.34093750442045057	0.13259405413794492	0.27008968727619953
0.05102204808891092	0.08418620323646737	0.09033433932276941	0.06731816780714922	0.49886640643590696	0.04296442104880906	0.14180458645547456	0.023503827604512348
0.1754730696304362	0.1619084399133207	0.010267275695696798	0.2356987217458387	0.07513860558226715	0.052409582832109974	0.22046663211799608	0.0686376724823342
0.07269990979657448	0.11909755498891643	0.04030534393107016	0.32985816426890713	0.20863296337050546	0.009197393731289472	0.20006513615212362	0.02014353376061301
0.11753854956195321	0.033202583014071516	0.10416103278855737	0.16281654765992193	0.006815516468416397	0.043785345299024336	0.36840533386330065	0.16327509134475438
0.1633112346283691	0.3122061861903098	0.06812877057704991	0.08470503672361376	0.13691773591620585	0.13063191335403498	0.10235722412079075	0.0017418984896256234
0.018724640276395962	0.039653457810586046	0.026544526912466573	0.30779194931540216	0.14018090627940957	0.10145447508870861	0.1978678798579065	0.1677821644591244
0.011007114356741302	0.09052466837061515	0.07884964469561517	0.19803774517653672	0.24551377200712451	0.04281006051582745	0.2637619811673647	0.06949501371017476
0.08096284850725363	0.03686253025614736	0.148478554221641	0.41852270862988894	0.0044897094608193355	0.23223368959550691	0.05002044981373918	0.028429509515003476
0.012472346563587977	0.09978512693381375	0.06143873374916231	0.11738471926492838	0.05246132120350197	0.031989665417733903	0.29219165743191555	0.33227642943535596
0.06115551966351865	0.20011923762570322	0.08147400601541488	0.1586595712904771	0.1257355010520148	0.015476660326381203	0.2841106165248867	0.07326888750160321
0.32392108734728114	0.13478122323694	0.04436199417290926	0.22867910991395338	0.02530838452004064	0.11417310357173399	0.0794273467720518	0.04934775046508949
0.17498809934573747	0.04402700240823747	0.15417948710541463	0.07286119635093352	0.04745564800637507	0.33813207334436235	0.0032331642630253205	0.16512332917591394
0.19106539801473876	0.02648539180398038	0.012400410629927555	0.004689393621445326	0.05968745055374258	0.10876023066530596	0.4532817683911573	0.14362995631970196
0.10536507053323893	0.04911417248973812	0.24757700415531092	0.45202632163083556	0.04533693967367497	0.026262998612812935	0.042374998876657174	0.03194249402773118
0.11514504542574545	0.1586814833544975	0.037144630699784215	0.21512954968366998	0.03975632074268638	0.33935452270983946	0.031425223270025435	0.06336322411375137
0.12938906582490453	0.09242588188932023	0.023365339464356386	0.14129727923877572	0.15783709635693588	0.1503635420673937	0.001956570270341046	0.30336522488797224
0.2836658995374667	0.24122454759031692	0.03166228460227201	0.05389209829691051	0.06457575858886483	0.2752815687177166	0.009822521218422517	0.0398753214480297
0.01258572537082904	0.07827475442354732	0.005072970761356016	0.19877469389657892	0.2446593145606818	0.18895498221196433	0.015486307036685978	0.25619125173835644
0.0045709059260815865	0.0062580787431891355	0.15929159973590484	0.11637514543371758	0.024227715545835443	0.18377933208226235	0.13172403811132863	0.3737731844216802
0.05694939241262603	0.11662707439117495	0.08179746624592989	0.0026303889549381815	0.25225743691043917	0.4105734480160157	0.008436973582261142	0.07072781948661473
0.0498945709261146	0.06615430190345425	0.030220049247442177	0.29152959479779617	0.090235741582891	0.32220583930598357	0.017796842703369148	0.13196305953294896
0.013940558024559846	0.03354019274276307	0.11720653247417985	0.3291027550758381	0.02508791447449142	0.11664003206169951	0.025066603722164696	0.3394154114243033
0.020509425470744705	0.22379350024822053	0.03892965839716063	0.09542136668687197	0.0336306972593733	0.05678759460909236	0.3935177342966789	0.1374100230318574
0.14602427819794533	0.19279844186854073	0.012934114103109767	0.09632766544257665	0.17151727538734393	0.15053783989560984	0.1190536816392962	0.11080670346557735
0.07389899410383066	0.10048326206681507	0.37448116549292054	0.09768728686119743	0.13378148106588605	0.0594691431605153	0.11740266700324428	0.04279600024559045
0.20378070869793255	0.04533983744114818	0.15810306652384234	0.009904783286155447	0.08988509888299719	0.11125921750247926	0.22558136871363493	0.15614591895180985
0.15336335333363954	0.02226079550503826	0.11770482001574263	0.059669697614296704	0.10741803620397124	0.26987305692257285	0.12834748104172444	0.14136275936301412
0.15291641175613999	0.09762310259883795	0.3036764543792593	0.019002213893516806	0.020172755478454873	0.17873709530989929	0.026584949421823045	0.20128701716206845
0.13895969771497246	0.0437581743452405	0.01787551820736462	0.006542509360648208	0.011640828122665856	0.6344556792442725	0.12375276815283745	0.02301482485199821
0.02471433587109413	0.0728463052286873	0.05357520608943599	0.4369570338208929	0.21490734613894763	0.009348660700041159	0.11718138217048465	0.07046972998041603
0.2761754413602302	0.10159887467439487	0.052208510422163734	0.1291763646354788	0.040963301889118536	0.06500965201456564	0.15666651571156182	0.17820133929248608
0.14185452477899654	0.048276685645529366	0.2349470430380205	0.17435250080852668	0.10138002872378803	0.09235630933974659	0.02222030064615857	0.18461260701923354
0.01587724187606135	0.032591657681932715	0.07625525612623021	0.12014359362046449	0.19364307095501926	0.08736545670548104	0.0324147132626669	0.4417090097721438
0.10577723933353625	0.1813372959325473	0.10588169555688914	0.047589979878648145	0.08372703562856257	0.06770494155749843	0.39790459309383786	0.010077219018480021
0.14329741345285668	0.25936622818878347	0.23056921898545132	0.10299734514674991	0.017333284710227922	0.04016258641260555	0.03763854646209311	0.16863537664123182
0.07651310283234447	0.01317070875185651	0.22426003216873946	0.14266229082111814	0.18084393506472685	0.2675984724079227	0.08781058787563807	0.007140870077653488
0.06137898354320061	0.1157592549682614	0.1800523785131139	0.053599734917835595	0.007308188869351501	0.03476676612373465	0.20171204312729324	0.34542264993720895
0.19837859777325284	0.06787847171088376	0.3152894585959163	0.10745186120228592	0.08763329231108877	0.019045101667929304	0.005416530862783403	0.19890668587585955
0.10019434523016667	0.09417861049283352	0.2147540777543861	0.03735555022657128	0.16083497304904476	0.31207139634250614	0.06123994558100092	0.01937110132349036
0.32634485013165987	0.005896849169437432	0.14228347370908043	0.19103511830460002	0.09770422322119299	0.05563382227341908	0.1782856471586286	0.0028160160319812694
0.16913510088297593	0.1919718691737376	0.04928807936075069	0.23938277644203726	0.07653794655059305	0.18900624701676494	0.0749051591254809	0.009772821447659383
0.1671479965200039	0.06003542111612169	0.09749896752403547	0.08157931044279167	0.21326289604560017	0.05383516601464319	0.19895185623790496	0.12768838609889877
0.15037037374922838	0.23857806703614257	0.06744546095045979	0.011725653718083248	0.006944667120619252	0.09998399445294832	0.10533457653620801	0.31961720643631025
0.00786360328315272	0.024712161844682543	0.020767083431240382	0.23052640988879936	0.12996983454038163	0.17119832219584036	0.25198733320291095	0.16297525161299192
0.243134917180723	0.00996312721230673	0.1593516459256508	0.06982859497215389	0.03421397018351477	0.03231714379682182	0.42040608376957156	0.030784516959257213
0.0247280094311422	0.04701966892327217	0.3312150385617657	0.07627425637313098	0.23342434201654194	0.0415068111688419	0.10216810065350834	0.14366377287179655
0.0032090469834166746	0.12792971672957176	0.007021485605094052	0.0115282607887367	0.22318922686611326	0.36433792277260607	0.1600762298608945	0.1027081103935668
0.01909309377814583	0.16122645433216637	0.1929141921618547	0.23658206818658023	0.23538940645008766	0.01942722722071019	0.11446963332669634	0.020897924543758425
0.31100225717433705	0.01915158487619141	0.09879530612140144	0.010413418394096721	0.09436850302533431	0.04368511760198923	0.109249313208795	0.31333449959785453
0.06203018162482399	0.17733854156592455	0.216036844891556	0.2931080878656751	0.0290432872385101	0.11567760450841073	0.049179058736313674	0.05758639356878563
0.011073465579545624	0.020070795826557533	0.071764069967216	0.2732344211915621	0.2514379694820824	0.033226814329737134	0.24470134430460644	0.0944911193186925
0.02444235905518133	0.1032491715748603	0.23962784571743678	0.1638781549892133	0.06392561580008341	0.32456990489123183	0.05782808262167537	0.022478865350317512
0.24466737380937748	0.2309699748061863	0.004363369293928318	0.055057118562533355	0.15908643692701746	0.11237316952547703	0.06353610699436824	0.12994645008111155
0.017005257575466587	0.09190390226801436	0.08343693979697078	0.12654546320856067	0.03670561418591421	0.13634403005972864	0.23766170331385	0.27039708959149455
0.023682526259218267	0.12198940587501825	0.11466222805763931	0.12269032280488137	0.027195224985816113	0.06920213197952393	0.1318547542102161	0.3887234058276865
0.1313733334453075	0.10029920037605605	0.1649179373178125	0.3129192553163366	0.06524728897398038	0.10065458374302713	0.08267452254364299	0.04191387828383661
0.010723840300138857	0.27188907359546416	0.11942169446834604	0.19988393844841262	0.2693686296717075	0.01023425500099931	0.07638960036024092	0.042088968154690404
0.06785576209367553	0.18613390361420915	0.18995932522775597	0.03867147646714941	0.07119925120772833	0.012817124579270492	0.2872078513421711	0.14615530546803987
0.0825833599181415	0.06334564450680848	0.19452879010953195	0.04576596312598093	0.019938233057610874	0.047299187802878465	0.5163929369338449	0.0301458845452027
0.013130388206323826	0.028908312981264672	0.1885006856051456	0.006401809575118017	0.13236681311737603	0.24254172284145384	0.019021101216569053	0.36912916645674876
0.35120278599750926	0.08412476757469045	0.12732818893236036	0.07212745681101795	0.11534934918031953	0.16255564440775078	0.036242146959809984	0.051069660136541364
0.13819916226392503	0.2861299801666265	0.016069293906409987	0.022621977427198278	0.036679095089853564	0.26008372590327133	0.15016814878103252	0.09004861646168254
0.06941721730386978	0.053653900673063123	0.25748424651265256	0.03494399322634491	0.05723321014689768	0.2583977408823226	0.07462833522334986	0.1942413560314993
0.12888219519524027	0.06837728099747067	0.03000375863639984	0.29764900281620477	0.10408468592928624	0.03609224096286251	0.06914311709086395	0.2657677183716715
0.12941463482064003	0.07716450459497222	0.16482028300696977	0.1471863058109964	0.08164966191904637	0.049719628653495884	0.08711690879070297	0.26292807240317617
0.0640101031604409	0.06300257265810637	0.08465989819726251	0.21971137080130917	0.08763632465598137	0.18425845113630465	0.21551346055057077	0.08120781884002402
0.10767117392737685	0.0784324339630644	0.005767238644773243	0.1486179897181626	0.0015573517358330735	0.25072742452486707	0.15408603256080802	0.25314035492511455
0.11006658955179721	0.07392484140612268	0.2775965998881502	0.13334602027964934	0.22178477482950854	0.07742282100567258	0.011061617190184059	0.09479673584891518
0.28400322616590823	0.06430145626558276	0.13588708588297124	0.04283772437111118	0.0048840021308487885	0.030421097320977752	0.17161292803835446	0.2660524798242453
0.34905781091523325	0.2423575840995914	0.04980397441513383	0.012043771226457015	0.008559414583557495	0.06899642600666034	0.09543494098523167	0.1737460777681348
0.06853215278002864	0.14600748399927344	0.002200301635648841	0.013794449984876986	0.024373960160467778	0.07405959006568519	0.05341043717589365	0.6176216241981253
0.006878856492911839	0.04321423721557613	0.029343737724971106	0.04980324248270153	0.5875413084939348	0.060324293423357336	0.06729798624894107	0.1555963379176059
0.11826242003753702	0.0937705248672209	0.1790833991164612	0.0023542313788356695	0.04617960049609912	0.2713116192819305	0.15536362985182928	0.1336745749700861
0.001717762496734443	0.05880701560844556	0.05768607103358811	0.18185122825892752	0.08461115018583049	0.44604703012193714	0.008991787036363053	0.16028795525817344
0.24590740982359438	0.10477442471063036	0.10518199939989605	0.14437048785650944	0.14134481158235684	0.0011380501671415522	0.020724352637526658	0.23655846382234447
0.0977992789971425	0.04775511166701911	0.03475857432061279	0.28001953442733185	0.33213696322303116	0.0077447833041877495	0.05238456338485099	0.14740119067582358
0.3140937963370506	0.059271101786735544	0.07632082239905202	0.11443162734448636	0.09333529093906684	0.16463140907102025	0.023951056415238772	0.15396489570734936
0.33953151526824954	0.07732306408416771	0.04853516136550151	0.04175310937498575	0.07533931163569069	0.08349270582810032	0.01052747753347591	0.3234976549098282
0.3531137902578154	0.09249433322967761	0.2678390367062963	0.03248352564363574	0.16937869409861744	0.012935278273233972	0.01849564025810327	0.05325970153261994
0.30906248955228915	0.00850224288029161	0.1286613572664076	0.002847598245374172	0.37129524159120014	0.05077869021614359	0.06674890993210614	0.06210347031618728
0.10606445694104387	0.20249268825627295	0.07042991220176281	0.06196881330476833	0.14451795615869073	0.040188508417208446	0.07756132013800904	0.29677634458224356
0.13933511262682552	0.12417263312443937	0.23876359412753084	0.014052931933794824	0.026921543926761576	0.030155411449081237	0.02512945451873788	0.4014693182928285
0.0577429708676607	0.08551098699193757	0.30074113974142724	0.3000922107589605	0.18681933687384306	0.02246822754813345	0.01468838810718251	0.03193673911085486
0.03589516194834634	0.043416920329053754	0.004150597728918931	0.30018196128117414	0.01990982803101049	0.339266871306007	0.009304802489831704	0.2478738568856574
0.08169131934563621	0.2904522856436755	0.01935532347637911	0.006267266669372079	0.051325570031884704	0.18413981316572312	0.08209139872748894	0.28467702293984015
0.0871478073036722	0.15238314443851708	0.19523927617607922	0.16820637796639226	0.024375466198834447	0.05534102541342911	0.11940368502127952	0.1979032174817959
0.1770170010744841	0.02535121863854005	0.01986125513676555	0.10597305672086732	0.13762759357662885	0.10207396129060539	0.34239843322717567	0.0896974803349328
0.06646377856890445	0.1910601102636561	0.08202159049776228	0.23035712493751326	0.011074267457908044	0.06935071296572579	0.09093824082878696	0.25873417447974295
0.11883957424302682	0.06550509864277615	0.2510918398182156	0.029346018857221004	0.13780982474352346	0.2102413039274873	0.09467662276858	0.09248971699916944
0.022491610023905095	0.04993450439149881	0.0022935145470161095	0.2775410998485057	0.09395860735087268	0.009063616063547969	0.14265045536300267	0.40206659241165077
0.01178220678476452	0.01208663523746241	0.021332883178394282	0.06679184668204838	0.29484401561429796	0.39780547783048326	0.1580726760691485	0.03728425860340051
0.061479553108098606	0.019271567512407883	0.057315799596918265	0.11969452515951605	0.3608419566529816	0.03330239255200333	0.23204798261960924	0.11604622279846483
0.07189475521801016	0.053916168210828896	0.30589587568016097	0.08929844901953607	0.0737466388682973	0.14833983424815683	0.025099953184595222	0.2318083255704143
0.4521812162459621	0.2151296094768615	0.004328583177559228	0.011735602946566573	0.013186308986778639	0.024620322517297635	0.1777978114126132	0.10102054523636093
0.05169395277789278	0.14558878472896525	0.16812563998053734	0.35489112333232053	0.13120269619493438	0.09270446088501877	0.025396552877340953	0.030396789222989773
0.038849745336835315	0.04387273579892548	0.025677660399535812	0.14476234194225696	0.6873935810647342	0.015884705027098267	0.03932096416451539	0.004238266266098273
0.2652063959789517	0.14599241101439422	0.026297722140784366	0.2407668291678567	0.09091478506406202	0.09311786561327638	0.05837318007173657	0.07933081094893775
0.24063650806705184	0.26019080529042093	0.0059222303839369245	0.003934639180678365	0.12470921709353801	0.0616845768424029	0.13778234907703948	0.16513967406493124
0.10002357405649809	0.06478825370073879	0.09716645998646697	0.2028853960569026	0.018769858544960383	0.28128393942043023	0.04088374666740656	0.19419877156659615
0.37600601193270244	0.1066397126707831	0.07601672824383096	0.03231015980090776	0.09064751292257023	0.3063525861990241	0.010371060326734627	0.0016562279034465083
0.10094931541201381	0.053963214625807915	0.1369371731072809	0.32370712613340435	0.05429951970796078	0.1081384636429645	0.1906139790933395	0.03139120827722802
0.12625845799265561	0.203986122205302	0.06226187819793298	0.26614494259638277	0.03276822930746634	0.014473722043402776	0.23158438322991637	0.06252226442694091
0.06609543097477645	0.1341569001798378	0.24244404027032873	0.0021119749010907463	0.14043458369035489	3.2891067460774637E-4	0.07427291553112333	0.3401552437778801
0.1361515584786859	0.07278352477112845	0.13804402087319392	0.06511005621969262	0.21698026649221536	0.1878240401976905	0.09618376162017485	0.08692277134721815
0.30774115980813804	0.0673158237769642	0.008940563838566257	0.24544918783458375	0.005035038970821734	0.12968866535682858	0.1545206041294697	0.08130895628462739
0.3578053427582294	0.0399312673760019	0.22451593010480952	0.06310731572314536	0.046547413413029856	0.027277279755459974	0.1901486373897749	0.05066681347954888
4.3276066832498294E-4	0.16428766874942508	0.14239962665469982	0.11084701516655057	0.06944263175588763	0.22451033310797028	0.09170634171774784	0.19637362217939358
0.054618807564145416	0.21772549225336052	0.056701935740270465	0.04900748334782597	0.23288892044560627	0.04493158679800173	0.31759333285293945	0.02653244099784996
0.040127154820012	0.18709264270293108	0.06214567856031683	0.19064389968673157	0.0014992038920094292	0.04161867372232825	0.062084797417894855	0.41478794919777573
0.17236030074676817	0.2661502064900716	0.007709184692657661	0.2732815921624444	0.13097303397839916	0.00818745238127147	0.08883417702048155	0.05250405252790587
0.018897810852740546	0.013277424533798862	0.00804979782483349	0.2119288278708985	0.35497627861862524	0.1157216314042791	0.05444004077389561	0.2227081881209284
0.08237252386214636	0.047515654762844015	0.029529063667359357	0.03924199473866745	0.1316089728273564	0.03391955558941054	0.3814479282812486	0.25436430627096707
0.10120665786671808	0.39491508617695137	0.060670279357901646	0.08662366045269719	0.09463069376105931	0.07794617079560826	0.06910403114674302	0.11490342044232091
0.003783982663277674	0.14982000711772125	0.26861244183047206	0.22368276790480007	0.14600043440152746	0.01714557854652403	0.011625956976329344	0.17932883055934795
0.013810396245070744	0.16770269123877624	0.056647289689401636	0.013210838175846534	0.128501686394248	0.0726757487445681	0.1272543472790758	0.4201970022330127
0.013059236327379375	0.06045643732433961	0.20920063265698624	0.09315155216098239	0.2885408287964765	0.135399830218105	0.17384260245033567	0.026348880065394986
0.06626813673374174	0.11269451286733582	0.09321119109769146	0.04654621719876943	0.07314127740642494	0.07275503904714514	0.21751314363722152	0.31787048201166973
0.2697114588788939	0.0040919699657274294	0.04114657583602439	0.3211255764317087	0.06817623095301231	0.13676679620949056	0.0464584641353004	0.11252292758984198
0.2011839400112228	0.3043406684434754	0.21035954973057885	0.19647822277599974	7.751767828700629E-4	0.009451193244198922	0.028160650908771165	0.04925059810288282
0.3783737472221884	0.004679518752357087	0.0125806222540161	0.23129064661247523	0.18429604448078152	0.09106392942730214	0.03408823845205003	0.0636272527988292
0.0161515193758051	0.03894745940981881	0.3029980928649607	0.0835869402650713	0.17779502903943079	0.25709621328620647	0.05145510135773122	0.07196964440097546
0.07055882231065452	0.16878505053098336	0.02688729363794394	0.03365463738361635	0.36637467211674957	0.26166102117947215	0.06256974949923061	0.009508753341349235
0.05422020927047844	0.11175871026478718	0.18630969406396575	0.17570498122851075	0.0466259810208957	0.22593910311810567	0.1825288941045894	0.01691242692866693
0.29895439015881176	0.0042665836577882865	0.0071015148549921775	0.17706174996642648	0.04332918322905753	0.2925082454908394	0.0757943882369486	0.10098394440513542
0.07297218925229426	0.09506836422908471	0.12982797349811806	0.1083505554128634	0.27730013076299354	0.03546913747821333	0.1575950653407256	0.1234165840257069
0.0022603422959136116	0.11049565126627603	0.293950934753815	0.05437804165148369	0.06974041316246396	0.02746151980833353	0.3179547619097932	0.12375833515192075
0.01401442299941491	0.09953793691071476	0.006422809473687174	0.21216648617340092	0.04175719913800613	0.048296298665525816	0.45364706263492194	0.12415778400432824
0.4373249265038476	0.023981001518498232	0.10758274878449595	0.06998934821062124	0.07987967115973212	0.07972570954356897	0.06964561596814764	0.13187097831108802
0.0027556404268043455	0.24360088499629146	0.04776912464821291	0.11045185364588199	0.13071670949716574	0.14621936006847308	0.28096804650187757	0.037518380215292746
0.004824692934330216	0.21168295540139315	0.04764554014241852	0.08007435785593346	0.12211427205837573	0.20225880351558173	0.32129040093385575	0.01010897715811121
0.48080338303714754	0.013852397959522325	0.06693265327441678	0.19522469506758436	0.057686127945526855	0.013257261744453172	0.1514926226099129	0.020750858361435823
0.16809438397707593	0.12939483647106867	0.1506877835113274	0.1593895299850835	0.15975463813160318	0.006453792318924095	0.140930915530754	0.085294120074163
0.005037687231925422	0.25094592062870774	0.12514445718418207	0.0748469831391475	0.04269598312412459	0.023126178414034	0.14257533332783517	0.3356274569500433
0.020174022943466527	0.21860524424868957	0.25683207442338474	0.33172597651824176	0.010489713613448512	0.014117868086957988	0.06547904968477984	0.08257605048103087
0.011834565217284376	0.021533275119948028	0.020251118256385245	0.10169851272494768	0.1410504544015276	0.1708765791592589	0.3621030774437658	0.17065241767688216
0.008444658441192063	0.06982707964885382	0.2548965671380715	0.03523690273813644	0.23116535527743912	0.22030806094788252	0.1338953409373201	0.04622603487110413
0.08822696593942142	0.059418616807766264	0.0811923934286071	0.03692553416304277	0.019031130388131007	0.08539360446343645	0.2588812787177206	0.37093047609187424
0.25216756385335837	0.0763441544715755	0.12180766505211503	0.2310162314949179	0.060763198585323044	0.05878628356947324	0.12066721875952523	0.07844768421371137
0.15275779299126963	0.06958648204682238	0.044530464863997116	0.2907282210224181	0.059249395660581836	0.2656850078674221	0.08938526244663655	0.02807737310085205
0.2561667682245008	0.014984498750128306	0.18151540421476337	0.15395295116707639	0.06308908935960511	0.13980739238901566	0.16222554854069893	0.02825834735421115
0.19217461549503473	0.06668583163435811	0.09558725549981181	0.05971509541495729	0.15498253803082307	0.3799743084719035	0.03585965187915567	0.01502070357395556
0.04807461930120199	0.03722027255202287	0.23884952828729955	0.34170304803049356	0.02092585577652016	0.04913908278821101	0.1803170037219768	0.08377058954227384
0.14905369373327232	0.013632340970244336	0.026181149397222783	0.033858367572317166	0.18226198102245722	0.1254714969484614	0.42676588333396637	0.04277508702205819
0.07969699444430864	0.24058785413084247	0.20221252834690207	0.08080196958455611	0.017674661082301313	0.13258609928269977	0.07873141991442524	0.1677084732139642
0.035565572997121056	0.07963321454600672	0.010855016107094245	0.33147039673355794	0.008415055147484113	0.2711099702074455	0.26104882808019003	0.0019019461811001503
0.10470767466713735	0.05682665887295092	0.16036625818947994	0.0739406996982549	0.1844196717923931	0.25325995562008285	0.07099554026696725	0.09548354089273345
0.10835979199559251	0.113411023376078	0.22194091517952408	0.040652462427885463	0.10288508267031342	0.2237220987679592	0.08269778737349912	0.10633083820914804
0.17578415099070951	0.04914751597116361	0.2075564725606236	0.12847280751889256	0.030205288496457636	0.17559432806742897	0.09677351025709242	0.13646592613763148
0.17076817250131948	0.1308252159621756	0.03897066299476916	0.14376812694796406	0.20033978290457766	6.427449278408603E-4	0.20659508001249244	0.10809021374886049
0.20597428450343735	0.046307990374758884	0.03525541407861582	0.09970881107043487	0.03572709272242594	0.2909868518115655	0.22873749414658867	0.05730206129217273
0.16704085339288421	0.38095117780469256	0.08540507620331181	0.14372032861327058	0.013902575334440101	0.11753829792562939	0.01753937019775123	0.07390232052801982
0.06409827851913712	0.0022285473501334474	0.012423637249018599	0.13162875796728912	0.6664313476565253	0.025457156883896964	0.07717161087757352	0.02056066349642563
0.19516400835661596	0.4497400508494095	0.013959911767708763	0.20756417866998583	0.06465358133351971	0.031058145599460477	0.010572303616186482	0.02728781980711309
0.08414190907598602	0.11575934953043132	0.17749534106211096	0.06531076481141683	0.16007742847162065	0.13112554905449553	0.23777171044692796	0.02831794754701049
0.08015876833234617	0.6254138634317837	0.16007181946879903	0.03691295044994747	0.013360294836061562	0.06624295772663143	0.011962703885617557	0.005876641868812926
0.34741781733131966	0.041452790343887186	0.052298891485025006	0.34705144046577524	0.057286190245236096	0.0425801269936531	0.00824464772317704	0.1036680954119264
0.07075379079819262	0.01781952938776725	0.14530323985196553	0.06619335265210094	0.13769630360953977	0.3191561469384934	0.10468187887594432	0.13839575788599598
0.10886847004606755	0.07515438222539592	0.08572255242130974	0.058378846280690205	0.06573876069799944	0.18375844110513762	0.019704009966613117	0.40267453725678615
0.4122793234012412	0.046491981292811096	0.02232247744357259	0.08328482809618022	0.020709849742546582	0.051057256640965984	0.3401923606283589	0.02366192275432316
0.04063460264069034	0.04962059659806764	0.2153640575335333	0.13584040337244463	0.048405641953766176	0.21062355688174703	0.23374956078497872	0.06576158023477201
0.012688333233315224	0.01950984531757108	0.2952619772696179	0.11585310057607057	0.045258549468163115	0.16812359661609544	0.16775455171145506	0.17555004580771133
0.01973334270794727	0.0015161352217792912	0.24309425581941824	0.04004721057401221	0.028997482235299382	0.12490648385012301	0.19896915852572114	0.3427359310656992
0.16619258366176132	0.06690055677334908	0.036252597422488125	0.03866546280805566	0.0630485451690484	0.45091312465364697	0.08749110883845693	0.09053602067319325
0.032259698911729806	0.17783929951160912	0.10314878206059125	0.090887751113568	0.2113529841027465	0.02191117925919349	0.3097507672875284	0.05284953775303322
0.15960759305077785	0.10046338336104782	0.06056596315486493	0.127054670871396	0.037852808393766646	0.40498794555087714	0.09702431288789598	0.012443322729373318
0.375618280732295	0.14904969811148605	0.006249204698418623	0.014571926765786988	0.0178041270214309	0.08756210969219826	0.10278103253117202	0.24636362044721188
0.05443645042141794	0.13537836715366516	0.22513986294287439	0.013331732086685796	0.1446656664474911	0.2456483874556728	0.1324869716214649	0.04891256187072769
0.006462491993008565	0.13356289662045986	0.27539022431584703	0.023332392186521583	0.13279107914441377	0.12970404852716075	0.18968540580313903	0.10907146140944919
0.046120289254468455	0.01029465807229811	0.07504245077577637	0.17763331862389237	0.10808012424191932	0.14207335627475762	0.11683670710980269	0.3239190956470849
0.07534899825754873	0.18019305122859217	0.10328035906466167	0.05758893236214242	0.16325766315187157	0.04640602054483803	0.12260972314860719	0.251315252241738
0.14174481389735538	0.11802688812345344	0.049838690285276696	0.1719658203750934	0.05149600458743936	0.24208785839337343	0.06600072427335546	0.15883920006465263
0.31640382735584505	0.07923403885311214	0.036246700288819406	0.04840099779296275	0.04493833995157981	0.2403942452160039	0.22412333990176558	0.01025851063991115
0.15694884227282713	0.1477364010733885	0.5207660055567004	0.008647892847844452	0.017702051507044583	0.014564241819839008	0.0457404685479597	0.08789409637439591
0.07891078415649887	0.17978668731295608	0.03024731149761782	0.19872257917671932	0.15825951111762676	0.0898092189953042	0.17800060727615608	0.08626330046712066
0.06638539209121982	0.05765283235180385	0.13765640984986485	0.22293920054602953	0.31994602653352966	0.03234258005294542	0.08639187115210192	0.07668568742250473
0.16945303081446156	0.12455653215495342	0.03674915590360889	0.21134601694935118	0.1248269733812041	0.29657526416160707	0.020808794124252697	0.01568423251056089
0.2763189704965886	0.10697649844941427	0.06133463323421201	0.05091079400092059	0.3825590206309333	0.03485032814877213	0.002940362719923456	0.08410939231923531
0.3223883590533787	0.07841615757820578	0.09153769576600793	0.06905309214023952	0.0016130729937298693	0.04931291060518889	0.3631631677093876	0.02451554415386152
0.06914928928590874	0.11856314438366905	0.10279887769899358	0.12392249622160237	0.14686940861131292	0.1120029826581241	0.19146419224624653	0.1352296088941425
0.17656410515996118	0.05170440489171674	0.14890692648279552	0.10041514566127249	0.15375342713502854	0.06017782690009575	0.21789746942181903	0.09058069434731053
0.09973212011821757	0.0410509222432751	0.12073441033114507	0.023172245721101797	0.035569468579737196	0.0319756622225124	0.5863832206422207	0.06138195014179007
0.13094751499233703	0.031511686050328266	0.16438064348863207	0.3022637003146023	0.004681610815914838	0.06892326704980961	0.010201766558833383	0.2870898107295423
0.20350317817452057	0.1802589025024966	0.10229416359028592	0.07028123392790264	0.2898453224719478	0.1096482359980922	0.004783355666258704	0.039385607668495345
0.04813117050403723	0.10499114285112701	0.1304111016642396	0.1386061197318016	0.05481452854902499	0.04921293078410642	0.049372194756430426	0.4244608111592325
0.2019100759359518	0.2215853929026646	0.3726836944199493	0.00806729269587135	0.010023020847424277	0.08767836051664432	0.09383629723508191	0.00421586544641217
0.018783903321748313	0.05213343592330648	0.21339707153874982	0.05932682415352383	0.038496319727211736	0.27901060571168934	0.2970790744911929	0.04177276513257738
0.04932878799659303	0.38540037253573667	0.14660581757429442	0.0058059994259678505	0.21666903475156546	0.07937083638175763	0.09490838593405021	0.021910765400034615
0.4314199714066487	0.365526332888372	0.05198349524872428	0.004662756105245552	0.013804471861610601	0.048573813361686216	0.025747016881663753	0.058282142246048524
0.2881585676350982	0.33810804719995424	0.030455230551320753	0.07764950476292558	0.059278876673600364	0.18285276787541707	0.009811846289892942	0.013685159011790599
0.08360962019255855	0.031044279777607126	0.26160991989476523	0.011599945160356312	0.12321440643426435	0.20737627605471054	0.20223736157658995	0.07930819090914784
0.2956272918861194	0.029002467932441864	0.034062771360938285	0.09229046426890274	0.14381633261410876	0.16448097639439566	0.005584163754556684	0.23513553178853636
0.1089929704871472	0.007526165705811438	0.3081251679439596	0.05807685820867246	0.07521381780628426	0.2658168056751858	0.043049374120027725	0.13319884005291124
0.010235351104512583	0.32982980829569364	0.04587377338413044	0.06676102011784636	0.16798735287316882	0.2224433700779678	0.12951954919301875	0.027349774953661407
0.06519463014457622	0.5411006153390133	0.03378921289862971	0.11758655398008852	0.03241738018374024	0.006856820039131836	0.10443524061435132	0.09861954680046875
0.19502427776888182	0.013663102053844911	0.031879806075583925	0.17464225589833154	0.025922299388308534	0.29285527757097374	0.15475707450478746	0.1112559067392878
0.04021886001270278	0.14119183938342902	0.05400536792357796	0.09334766961095439	0.10711329897522363	0.07531461346871962	0.14778198128513165	0.34102636934026076
0.04000207774824863	0.03853736848282391	0.19014569191490044	0.02536130742232323	0.29041580982987364	0.018877371664650547	0.11768883645090074	0.2789715364862787
0.005980755827546369	0.19184659959407516	0.2773315850047023	0.030101913725022314	0.23874888239889852	0.1725389609898919	0.07178074611522592	0.011670556344637345
0.19592775262661014	0.1555291138632148	0.03745984440097268	0.09487519689125996	0.056579114836130276	0.0363295281224917	0.3159031718582324	0.10739627740108784
0.12303910159690526	0.10458352512521644	0.13000192889968612	0.5018260386168114	0.03825317962815654	0.030298442822593474	0.005771127957061917	0.06622665535356861
0.29308276867357497	0.13834409868313863	0.0400274850685822	0.14146268258241804	0.18633256411910032	0.018424759843561248	0.12248028935922593	0.05984535167039841
0.030964810216199512	0.014634280642326511	0.07748978001685292	0.2108443630296321	0.028850726418900643	0.043899043192016124	0.2280341862674521	0.3652828102166199
0.3080490080043725	0.018259679111726018	0.03707076457114808	0.28477811045224777	0.07970623290591275	0.15924805955546673	0.003068779747074535	0.10981936565205144
3.926593913548132E-4	0.04447829763731445	0.13974642139311177	0.058705147110307096	0.04354564999009708	0.35858254910427123	0.31229485628883014	0.042254419084713224
0.16093189504329958	0.13870902304787672	0.19546416630712563	0.00175507315883984	0.11459820306249031	0.035964945849464525	0.28046305247818815	0.07211364105271505
0.04618973534182656	0.19665684787784718	0.3775263614839568	0.02067100957503061	0.05039795635732329	0.038865055297263695	0.05326551723047368	0.21642751683627803
0.17766880302608057	0.27113160928066016	0.10287706136748054	0.20349710233712937	0.005655730535896547	0.12907749535616694	0.052132139144726086	0.057960058951859614
0.0880640531191554	0.051011116120388875	0.14700986218983844	0.008552852097671815	0.03132130627993486	0.2820545883299185	0.1648435322017239	0.22714268966136808
0.051101198788473995	0.042118468946837906	0.16589131568935345	0.03832040394998551	0.24521638372641613	0.22061586191833016	0.15416674586288587	0.08256962111771678
0.015530570818145337	0.4113769252777384	0.08958090085431664	0.16469697588260251	0.015704858512561537	0.21249835787655608	0.07901167215012615	0.01159973862795309
0.04083780400519052	0.13940669149272797	0.05217264736958516	0.047851011795689624	0.0757081662258478	0.010471751799756623	0.34073748483013044	0.2928144424810717
0.47151982009045923	0.15036233957765174	0.05176309093562738	0.05227814340372093	0.009520546573141928	0.1746945074784042	0.05989274526415307	0.02996880667684125
0.08427279118314358	0.020874898343587453	0.06301261593516592	0.13542076915823817	0.058476932007914	0.20652116805301463	0.37227422294212337	0.059146602376812726
0.09449911892112439	0.15888919255369582	0.03644761481408958	0.015461188123759254	0.1390195085138133	0.21991224549683283	0.10596891423130012	0.22980221734538447
0.18153818399659966	0.07567823901256146	0.19896022446803846	0.07307524248931715	0.031152531661375327	0.17863897277726687	0.02339824881255491	0.23755835678228596
0.04769504768537258	0.06987628154829051	0.06323476038098139	0.2678854270224307	0.16509535380745005	0.107588344052371	0.22047478266506385	0.0581500028380397
0.1357732329416364	0.032400235083996934	0.1631799133480806	0.11272156219964012	0.2767526306061555	0.0628982863058275	0.08933684905101229	0.12693729046365043
0.20458966099577544	0.5108844850645682	0.00314633250441361	0.024160238237234274	0.12008349890397692	0.02626485803965853	0.03266663102769654	0.0782042952266763
0.4197276891923304	0.009289652799011644	0.02861460906726654	0.049082463665722414	0.15479751760602034	0.1003667121508598	0.22904530478975693	0.009076050729031698
0.2350270488413607	0.09065654760931229	0.07560573853733799	0.07430371185912352	0.34733394240915394	0.07538525272029623	0.048925857918868804	0.05276190010454626
0.185565049630409	0.037032497574588666	0.0435005633416265	0.020375695389316537	0.07320049984504232	0.3414737068963729	0.1441618668125678	0.15469012051007602
0.052088578607089514	0.4806624840988717	0.0246063607389123	0.04712542628620629	0.0213208919699837	0.21816343858938475	0.0020470416351134335	0.15398577807443817
0.3010974854769211	0.045764966830822554	0.2523262232296337	0.01053544868531038	0.11645006006089816	0.15985138902814752	0.019506851613114218	0.09446757507515205
0.3369881768316115	0.00535492107718237	0.1373833442432301	0.051181832170285116	0.07835565112118084	0.06561442646967178	0.2831044292966932	0.042017218790144834
0.17376728642020967	0.23644418505054052	0.20474878082605	0.020058323034242043	0.08405228200071316	0.13785277601741014	0.1277650922153832	0.015311274435451092
0.04553828682000913	0.20560852837829302	0.07681027284998754	0.012666568782837034	0.26652526688520245	0.06298519193262272	0.2631570870002724	0.06670879735077552
0.018605966664529905	0.22144668219551233	0.3268191281436442	0.061622347550274695	0.039701336518847774	0.16348614823687702	0.01858877734254119	0.14972961334777266
0.35258925109483036	0.03602882599365914	0.0076852537462527015	0.18294517689720063	0.0946577972428097	0.20315780543357898	0.06948846704714604	0.053447422544522186
0.09062398764990891	0.023713318496877384	0.11570353545921896	0.20241245869511398	0.03556706923866523	0.13284553906626081	0.3523841219672421	0.04674996942671242
0.08277082158980574	0.07445042130816326	0.011378098487733967	0.2387324265965359	0.21288195479962035	0.027083249451981484	0.08695845686331227	0.26574457090284676
0.3906666406335746	0.07950680444873938	0.06982234269161658	0.076220572993813	0.192270073477238	0.06129000812571225	0.07335353343586015	0.05687002419344575
0.23045342959020576	0.08380704388316695	0.08735251009693147	0.10720359132904346	0.10701086871996782	0.005557278252177417	0.20747896638449081	0.17113631174401606
0.06736102352941521	0.10443093108641588	0.1073685430398248	0.007676107019114975	0.022145597390301586	0.16072519007957203	0.427072611567589	0.10321999628776636
0.15514430462933138	0.27101922694797387	0.24364227324401022	0.08198580653761875	0.05106214905517861	0.057566975405504095	0.13033272164740983	0.009246542532973051
0.00837811119088358	0.20349906179682378	0.10847621508426453	0.13493153114051878	0.2552050017891896	0.0740980416605321	0.03176441155287377	0.18364762578491367
0.04899409239640687	0.29397482199982977	0.022273213291863145	0.01177359187948307	0.020839811315229745	0.1287967023681807	0.009995450613523332	0.4633523161354832
0.0038686944525844064	0.11931152757780382	0.0897910283174434	0.20202198531442184	0.19848404198712766	0.18407145708062228	0.09482779061542194	0.10762347465457446
0.3333219277075192	0.002018459651249069	0.03701733684490505	0.1330495052211376	0.33395911050784755	0.1386545221370797	0.010660465245226305	0.01131867268503517
0.16382526191662855	0.09268404878756696	0.2641708841495911	0.05854247122336163	0.10989038409774163	0.11334805126629743	0.1512450860513128	0.046293812507499615
0.0930349345706013	0.19850396640923057	0.2557624643731349	0.008432347918831781	0.09245026751009763	0.21338320177554285	0.10670685098174623	0.031725966460814645
0.1527181752974423	0.012164109290853098	0.024395942480362393	0.041939928240533664	0.34517123556106843	0.008779387324622717	0.37758395903384934	0.03724726277126775
0.0035020310599450793	0.0017817754106651817	0.023688907398055584	0.3068482934764787	0.4727919705012099	0.030418115412695998	0.09800236000460723	0.0629665467363422
0.3483846939194666	0.04952317633600216	0.0042003838218080125	0.060220915111058246	0.07456607922903094	0.13241458937492484	0.07520054523898237	0.25548961696872663
0.05828346525941876	0.033820155118828785	0.24140040803414942	4.5227790825555503E-4	0.04516250078762296	0.5253152884933627	0.026214495372009122	0.06935140902635248
0.004760766045510678	0.05420239721643562	0.03688884773087768	0.5117573088336433	0.1404118735207466	0.05269091529005647	0.19275991210106214	0.006527979261667205
0.09615236344836056	0.0424911775484826	0.2667721267829568	0.2175056346452462	0.06806484002831059	0.0055868041625797005	0.16030462008651797	0.14312243329754537
0.005222172689865884	0.05737780635626749	0.07305634600381886	0.09068218705300973	0.15528436525952447	0.17473165119407644	0.001665568598695849	0.4419799028447411
0.13475021669596862	0.07719557862916551	0.18558358657239343	0.026206241804112795	0.23937778388040667	0.19362982522784822	0.07901375136994326	0.06424301582016126
0.17659863403759402	0.11936173768350732	0.07550547294230009	0.17901370956092988	0.11738981614211774	0.11811284091436075	0.18270674521099556	0.03131104350819443
0.16261272085423875	0.2094502016718806	0.34974829128261853	0.04397643072960257	0.04097186568733867	0.12022520932250559	0.014325868633024694	0.05868941181879035
0.31368853083422016	0.03835221580847224	0.06198053577994564	0.017470851409668003	0.0872744156077982	0.038863317574865275	0.12365037620052527	0.3187197567845049
0.4467319393803182	0.06218290715152666	0.01419877782170667	0.2767314216346888	0.041527127836745115	0.027665954034348628	0.10253736420868059	0.028424507931985005
0.03790340349561369	0.03162230739965691	0.08279676946074987	0.39507677052490586	0.13158080014477616	0.20353475379458533	0.08121303198549785	0.0362721631942141
0.3573988203353804	0.1745090083391871	0.06507955517613823	0.04203491666266683	0.13852135273840138	0.11177031842927196	0.04071248266876788	0.06997354565018586
0.1717476082794468	0.023670038493104548	0.0065103064609280115	0.0886358464397572	0.4414982007107222	0.010630410250399167	0.11786281653734894	0.13944477282829293
0.09301180910895679	0.019977734594780777	0.07918944484250184	0.13992381374282428	0.04757586688698101	0.15874445349271432	0.03571436825828986	0.42586250907295087
0.02352823729917336	0.06377188974154094	0.16796436139792728	0.04541781427801796	0.1181870952547239	0.01690321204002014	0.36051303580418337	0.20371435418441286
0.03569666772242415	0.0066904903753268186	0.055648630754111555	0.266641831246095	0.09364986311719062	0.014034721139676659	0.40010194503586294	0.12753585060931208
0.15704436473391548	0.0016706729027586853	0.06985663460869461	0.358222414796517	0.08542848115003465	0.025258387934592494	0.09338789779938657	0.20913114607410038
0.32063341748512647	0.1484924959101661	0.04234466584676458	0.09373090453179989	0.11514418542031161	0.06622543786854299	0.11677958322225865	0.09664930971502944
0.29582692747517336	0.0037524994264794137	0.005204771896961433	0.2942334234285058	0.17209749464000118	0.015470237921995658	0.021015317367948927	0.19239932784293384
0.23395333784206035	0.037584497585304966	0.005055087313527606	0.10665629759697459	0.022457825302817203	0.06297944509826735	0.25690523015662015	0.27440827910442755
0.027471419694273094	0.49163632464734397	0.12338226921099119	0.25902304000771137	0.05555498847059265	0.023897926588990343	0.009560750918030145	0.009473280462067163
0.008023000774241035	0.004317137111246941	0.0014150212901724302	0.20744574583532344	0.3145093475176427	0.3079612603938301	0.007241951015385509	0.14908653606215777
0.2561016825639864	0.23449465211336443	0.013340305328103555	0.06295105563124237	0.08170958873674808	0.1018384565618228	0.12303318815330529	0.12653107091142682
0.31140457430170376	0.04170253435371521	0.07005479953725516	0.23512225641826412	0.007937427330718283	8.215181881611466E-4	0.18091498306351547	0.15204190680666663
0.008947295113593046	0.08057590307612783	0.0911444959086747	0.36783671673630014	0.04856800609590206	0.15444259396799684	0.20464397930380746	0.04384100979759775
0.07867282309069878	0.08264840941551917	0.015520531210641383	0.05613867849543387	0.1545574250520028	0.17674056795597876	0.3960556670844334	0.039665897695291566
0.03840674282275845	0.2544760670588882	0.013597429756804183	0.06624605975560886	0.09654923194668161	0.2011881769867923	0.102832897390035	0.22670339428243122
0.01765446745660086	0.11041024625296096	3.015956161917521E-4	0.257507038292459	0.3823500694096622	0.03914997342320914	0.14506352216933469	0.04756308737958112
0.0219423808570348	0.16080018818467348	0.16473924064529064	0.3733806467819384	0.11716493892360001	0.08107718801776483	0.07046085583123868	0.010434560758459027
0.2632860551827862	0.14777193202132155	0.023214441669584848	0.4062446740673278	0.03799555763224148	0.08480300448645499	0.03259770508778356	0.004086629852499343
0.08012617034324787	0.1224950319206554	0.008619482619179802	0.24786713230910887	0.2051572957812413	0.17773212199367167	0.030805716078624895	0.12719704895426992
0.08908406061728463	0.37492464374119516	0.003972299366237511	0.009874393534730574	9.79467085921934E-4	0.06130528261960677	0.18616728322178844	0.2736925698132348
0.1639871356593633	0.012050153773589575	0.22651168160007107	0.049112655467183755	0.06069965949220772	0.13775122601781095	0.06220702552477975	0.2876804624649936
0.04605078293659144	0.05169539696532631	0.31281573706652044	0.09600468710031085	0.12347688408253082	0.22466571447646466	0.005037161693296183	0.1402536356789591
0.24993748694242068	0.2445579906999521	0.07908080839283241	0.24029121965273365	0.04907780696471979	0.03735915176500677	0.09137976985972544	0.008315765722608878
0.010280450750889986	0.030231690035006933	0.23199703350322337	0.08495526438019278	0.12482556040079197	0.11128298067043055	0.3572698781798137	0.049157142079650495
0.027741711739057706	0.09878421985136354	0.05831487369769739	0.26042663815114775	0.05311717064516598	0.16242038903245704	0.027941363574463585	0.31125363330864686
